1.446843035233895 103.7775080443068 105.3748208568873 17.6702 1.0
1.4468112600558871 103.77762310767211 105.37482085688741 13.170200000000001 2.0
1.4467871334780125 103.77771047412558 105.37482085688745 10.0 3.0
1.4467630068951662 103.77779784057986 105.37482085688745 10.0 4.0
1.44673888030735 103.77788520703491 105.37482085688745 10.0 5.0
1.4467147115021448 103.7779725618458 105.42988026829956 10.0 6.0
1.4466900556352842 103.77805978229497 105.71999589795463 10.0 7.0
1.446665399763432 103.77814700274492 105.71999589795477 10.0 8.0
1.4466407438865891 103.7782342231956 105.71999589795473 10.0 9.0
1.4466126438662785 103.77832000524724 110.41651852738698 10.0 10.0
1.4465671844309975 103.77839853736597 119.93727619672221 10.0 11.0
1.446521724990289 103.77847706948313 119.93727619672221 10.0 12.0
1.4464762655441536 103.77855560159871 119.9372761967224 10.0 13.0
1.4464266790568443 103.77863119953156 126.3279406431907 10.0 14.0
1.4463665464103408 103.77869929950731 131.29381992144408 10.0 15.0
1.4463064137586834 103.77876739947989 131.29381992144394 10.0 16.0
1.4462462811018708 103.7788354994493 131.29381992144414 10.0 17.0
1.4461973066570488 103.778890962786 131.29381992144414 8.144400000000008 18.0
1.4461753919087894 103.7789157811371 131.2938199214441 3.644400000000008 19.0
1.4461753919087894 103.7789157811371 131.2938199214441 0.0 20.0
1.4461753919087894 103.7789157811371 131.2938199214441 0.0 21.0
1.4461753919087894 103.7789157811371 131.2938199214441 0.0 22.0
1.4461753919087894 103.7789157811371 131.2938199214441 0.0 23.0
1.4461753919087894 103.7789157811371 131.2938199214441 0.0 24.0
1.4461753919087894 103.7789157811371 131.2938199214441 0.0 25.0
1.4461753919087894 103.7789157811371 131.2938199214441 0.0 26.0
1.4461753919087894 103.7789157811371 131.2938199214441 0.0 27.0
1.4461753919087894 103.7789157811371 131.2938199214441 0.0 28.0
1.4461753919087894 103.7789157811371 131.2938199214441 0.0 29.0
1.4461753919087894 103.7789157811371 131.2938199214441 0.0 30.0
1.4461753919087894 103.7789157811371 131.2938199214441 0.0 31.0
1.4461753919087894 103.7789157811371 131.2938199214441 0.0 32.0
1.4461753919087894 103.7789157811371 131.2938199214441 0.0 33.0
1.4461753919087894 103.7789157811371 131.2938199214441 0.0 34.0
1.4461753919087894 103.7789157811371 131.2938199214441 0.0 35.0
1.4461753919087894 103.7789157811371 131.2938199214441 0.0 36.0
1.4461753919087894 103.7789157811371 131.2938199214441 0.0 37.0
1.4461753919087894 103.7789157811371 131.2938199214441 0.0 38.0
1.4461753919087894 103.7789157811371 131.2938199214441 0.0 39.0
1.4461753919087894 103.7789157811371 131.2938199214441 0.0 40.0
1.4461753919087894 103.7789157811371 131.2938199214441 0.0 41.0
1.4461753919087894 103.7789157811371 131.2938199214441 0.0 42.0
1.4461753919087894 103.7789157811371 131.2938199214441 0.0 43.0
1.4461753919087894 103.7789157811371 131.2938199214441 0.0 44.0
1.4461753919087894 103.7789157811371 131.2938199214441 0.0 45.0
1.4461753919087894 103.7789157811371 131.2938199214441 0.0 46.0
1.4461753919087894 103.7789157811371 131.2938199214441 0.0 47.0
1.4461753919087894 103.7789157811371 131.2938199214441 0.0 48.0
1.4461753919087894 103.7789157811371 131.2938199214441 0.0 49.0
1.4461753919087894 103.7789157811371 131.2938199214441 0.0 50.0
1.4461753919087894 103.7789157811371 131.2938199214441 0.0 51.0
1.4461753919087894 103.7789157811371 131.2938199214441 0.0 52.0
1.4461753919087894 103.7789157811371 131.2938199214441 0.0 53.0
1.4461753919087894 103.7789157811371 131.2938199214441 0.0 54.0
1.4461753919087894 103.7789157811371 131.2938199214441 0.0 55.0
1.4461753919087894 103.7789157811371 131.2938199214441 0.0 56.0
1.4461753919087894 103.7789157811371 131.2938199214441 0.0 57.0
1.4461753919087894 103.7789157811371 131.2938199214441 0.0 58.0
1.4461753919087894 103.7789157811371 131.2938199214441 0.0 59.0
1.4461753919087894 103.7789157811371 131.2938199214441 0.0 60.0
1.4461753919087894 103.7789157811371 131.2938199214441 0.0 61.0
1.4461753919087894 103.7789157811371 131.2938199214441 0.0 62.0
1.4461753919087894 103.7789157811371 131.2938199214441 0.0 63.0
1.4461753919087894 103.7789157811371 131.2938199214441 0.0 64.0
1.4461753919087894 103.7789157811371 131.2938199214441 0.0 65.0
1.4461753919087894 103.7789157811371 131.2938199214441 0.0 66.0
1.4461753919087894 103.7789157811371 131.2938199214441 0.0 67.0
1.4461753919087894 103.7789157811371 131.2938199214441 0.0 68.0
1.4461753919087894 103.7789157811371 131.2938199214441 0.0 69.0
1.4461753919087894 103.7789157811371 131.2938199214441 0.0 70.0
1.4461753919087894 103.7789157811371 131.2938199214441 0.0 71.0
1.4461753919087894 103.7789157811371 131.2938199214441 0.0 72.0
1.4461753919087894 103.7789157811371 131.2938199214441 0.0 73.0
1.4461753919087894 103.7789157811371 131.2938199214441 0.0 74.0
1.4461753919087894 103.7789157811371 131.2938199214441 0.0 75.0
1.4461753919087894 103.7789157811371 131.2938199214441 0.0 76.0
1.4461753919087894 103.7789157811371 131.2938199214441 0.0 77.0
1.4461753919087894 103.7789157811371 131.2938199214441 0.0 78.0
1.4461753919087894 103.7789157811371 131.2938199214441 0.0 79.0
1.4461753919087894 103.7789157811371 131.2938199214441 0.0 80.0
1.4461753919087894 103.7789157811371 131.2938199214441 0.0 81.0
1.4461753919087894 103.7789157811371 131.2938199214441 0.0 82.0
1.4461753919087894 103.7789157811371 131.2938199214441 0.0 83.0
1.4461753919087894 103.7789157811371 131.2938199214441 0.0 84.0
1.4461753919087894 103.7789157811371 131.2938199214441 0.0 85.0
1.4461753919087894 103.7789157811371 131.2938199214441 0.0 86.0
1.4461753919087894 103.7789157811371 131.2938199214441 0.0 87.0
1.4461753919087894 103.7789157811371 131.2938199214441 0.0 88.0
1.4461753919087894 103.7789157811371 131.2938199214441 0.0 89.0
1.4461753919087894 103.7789157811371 131.2938199214441 0.0 90.0
1.4461753919087894 103.7789157811371 131.2938199214441 0.0 91.0
1.4461753919087894 103.7789157811371 131.2938199214441 0.0 92.0
1.4461753919087894 103.7789157811371 131.2938199214441 0.0 93.0
1.4461753919087894 103.7789157811371 131.2938199214441 0.0 94.0
1.4461753919087894 103.7789157811371 131.2938199214441 0.0 95.0
1.4461753919087894 103.7789157811371 131.2938199214441 0.0 96.0
1.4461753919087894 103.7789157811371 131.2938199214441 0.0 97.0
1.4461753919087894 103.7789157811371 131.2938199214441 0.0 98.0
1.4461753919087894 103.7789157811371 131.2938199214441 0.0 99.0
1.4461753919087894 103.7789157811371 131.2938199214441 0.0 100.0
1.4461753919087894 103.7789157811371 131.2938199214441 0.0 101.0
1.4461753919087894 103.7789157811371 131.2938199214441 0.0 102.0
1.4461753919087894 103.7789157811371 131.2938199214441 0.0 103.0
1.4461753919087894 103.7789157811371 131.2938199214441 0.0 104.0
1.4461753919087894 103.7789157811371 131.2938199214441 0.0 105.0
1.4461753919087894 103.7789157811371 131.2938199214441 0.0 106.0
1.4461753919087894 103.7789157811371 131.2938199214441 0.0 107.0
1.4461753919087894 103.7789157811371 131.2938199214441 0.0 108.0
1.4461753919087894 103.7789157811371 131.2938199214441 0.0 109.0
1.4461753919087894 103.7789157811371 131.2938199214441 0.0 110.0
1.4461753919087894 103.7789157811371 131.2938199214441 0.0 111.0
1.4461753919087894 103.7789157811371 131.2938199214441 0.0 112.0
1.4461753919087894 103.7789157811371 131.2938199214441 0.0 113.0
1.4461753919087894 103.7789157811371 131.2938199214441 0.0 114.0
1.4461753919087894 103.7789157811371 131.2938199214441 0.0 115.0
1.4461753919087894 103.7789157811371 131.2938199214441 0.0 116.0
1.4461753919087894 103.7789157811371 131.2938199214441 0.0 117.0
1.4461753919087894 103.7789157811371 131.2938199214441 0.0 118.0
1.4461753919087894 103.7789157811371 131.2938199214441 0.0 119.0
1.4461753919087894 103.7789157811371 131.2938199214441 0.0 120.0
1.4461753919087894 103.7789157811371 131.2938199214441 0.0 121.0
1.4461753919087894 103.7789157811371 131.2938199214441 0.0 122.0
1.4461753919087894 103.7789157811371 131.2938199214441 0.0 123.0
1.4461753919087894 103.7789157811371 131.2938199214441 0.0 124.0
1.4461753919087894 103.7789157811371 131.2938199214441 0.0 125.0
1.4461753919087894 103.7789157811371 131.2938199214441 0.0 126.0
1.4461753919087894 103.7789157811371 131.2938199214441 0.0 127.0
1.4461753919087894 103.7789157811371 131.2938199214441 0.0 128.0
1.4461753919087894 103.7789157811371 131.2938199214441 0.0 129.0
1.4461753919087894 103.7789157811371 131.2938199214441 0.0 130.0
1.4461753919087894 103.7789157811371 131.2938199214441 0.0 131.0
1.4461753919087894 103.7789157811371 131.2938199214441 0.0 132.0
1.4461753919087894 103.7789157811371 131.2938199214441 0.0 133.0
1.4461753919087894 103.7789157811371 131.2938199214441 0.0 134.0
1.4461753919087894 103.7789157811371 131.2938199214441 0.0 135.0
1.4461753919087894 103.7789157811371 131.2938199214441 0.0 136.0
1.4461753919087894 103.7789157811371 131.2938199214441 0.0 137.0
1.4461753919087894 103.7789157811371 131.2938199214441 0.0 138.0
1.4461753919087894 103.7789157811371 131.2938199214441 0.0 139.0
1.4461753919087894 103.7789157811371 131.2938199214441 0.0 140.0
1.4461753919087894 103.7789157811371 131.2938199214441 0.0 141.0
1.4461753919087894 103.7789157811371 131.2938199214441 0.0 142.0
1.4461753919087894 103.7789157811371 131.2938199214441 0.0 143.0
1.4461753919087894 103.7789157811371 131.2938199214441 0.0 144.0
1.4461753919087894 103.7789157811371 131.2938199214441 0.0 145.0
1.4461753919087894 103.7789157811371 131.2938199214441 0.0 146.0
1.4461753919087894 103.7789157811371 131.2938199214441 0.0 147.0
1.4461753919087894 103.7789157811371 131.2938199214441 0.0 148.0
1.4461753919087894 103.7789157811371 131.2938199214441 0.0 149.0
1.4461753919087894 103.7789157811371 131.2938199214441 0.0 150.0
1.4461753919087894 103.7789157811371 131.2938199214441 0.0 151.0
1.4461753919087894 103.7789157811371 131.2938199214441 0.0 152.0
1.4461753919087894 103.7789157811371 131.2938199214441 0.0 153.0
1.4461753919087894 103.7789157811371 131.2938199214441 0.0 154.0
1.4461753919087894 103.7789157811371 131.2938199214441 0.0 155.0
1.4461753919087894 103.7789157811371 131.2938199214441 0.0 156.0
1.4461753919087894 103.7789157811371 131.2938199214441 0.0 157.0
1.4461753919087894 103.7789157811371 131.2938199214441 0.0 158.0
1.4461753919087894 103.7789157811371 131.2938199214441 0.0 159.0
1.4461753919087894 103.7789157811371 131.2938199214441 0.0 160.0
1.4461753919087894 103.7789157811371 131.2938199214441 0.0 161.0
1.4461753919087894 103.7789157811371 131.2938199214441 0.0 162.0
1.4461753919087894 103.7789157811371 131.2938199214441 0.0 163.0
1.4461753919087894 103.7789157811371 131.2938199214441 0.0 164.0
1.4461753919087894 103.7789157811371 131.2938199214441 0.0 165.0
1.4461753919087894 103.7789157811371 131.2938199214441 0.0 166.0
1.4461753919087894 103.7789157811371 131.2938199214441 0.0 167.0
1.4461753919087894 103.7789157811371 131.2938199214441 0.0 168.0
1.4461753919087894 103.7789157811371 131.2938199214441 0.0 169.0
1.4461753919087894 103.7789157811371 131.2938199214441 0.0 170.0
1.4461753919087894 103.7789157811371 131.2938199214441 0.0 171.0
1.4461753919087894 103.7789157811371 131.2938199214441 0.0 172.0
1.4461753919087894 103.7789157811371 131.2938199214441 0.0 173.0
1.4461753919087894 103.7789157811371 131.2938199214441 0.0 174.0
1.4461753919087894 103.7789157811371 131.2938199214441 0.0 175.0
1.4461753919087894 103.7789157811371 131.2938199214441 0.0 176.0
1.4461753919087894 103.7789157811371 131.2938199214441 0.0 177.0
1.4461753919087894 103.7789157811371 131.2938199214441 0.0 178.0
1.4461753919087894 103.7789157811371 131.2938199214441 0.0 179.0
1.4461753919087894 103.7789157811371 131.2938199214441 0.0 180.0
1.4461753919087894 103.7789157811371 131.2938199214441 0.0 181.0
1.4461753919087894 103.7789157811371 131.2938199214441 0.0 182.0
1.4461753919087894 103.7789157811371 131.2938199214441 0.0 183.0
1.4461753919087894 103.7789157811371 131.2938199214441 0.0 184.0
1.4461753919087894 103.7789157811371 131.2938199214441 0.0 185.0
1.4461753919087894 103.7789157811371 131.2938199214441 0.0 186.0
1.4461753919087894 103.7789157811371 131.2938199214441 0.0 187.0
1.4461753919087894 103.7789157811371 131.2938199214441 0.0 188.0
1.4461753919087894 103.7789157811371 131.2938199214441 0.0 189.0
1.4461753919087894 103.7789157811371 131.2938199214441 0.0 190.0
1.4461753919087894 103.7789157811371 131.2938199214441 0.0 191.0
1.4461753919087894 103.7789157811371 131.2938199214441 0.0 192.0
1.4461753919087894 103.7789157811371 131.2938199214441 0.0 193.0
1.4461753919087894 103.7789157811371 131.2938199214441 0.0 194.0
1.4461753919087894 103.7789157811371 131.2938199214441 0.0 195.0
1.4461753919087894 103.7789157811371 131.2938199214441 0.0 196.0
1.4461753919087894 103.7789157811371 131.2938199214441 0.0 197.0
1.4461753919087894 103.7789157811371 131.2938199214441 0.0 198.0
1.4461753919087894 103.7789157811371 131.2938199214441 0.0 199.0
1.4461753919087894 103.7789157811371 131.2938199214441 0.0 200.0
1.4461753919087894 103.7789157811371 131.2938199214441 0.0 201.0
1.4461753919087894 103.7789157811371 131.2938199214441 0.0 202.0
1.4461753919087894 103.7789157811371 131.2938199214441 0.0 203.0
1.4461753919087894 103.7789157811371 131.2938199214441 0.0 204.0
1.4461753919087894 103.7789157811371 131.2938199214441 0.0 205.0
1.4461753919087894 103.7789157811371 131.2938199214441 0.0 206.0
1.4461753919087894 103.7789157811371 131.2938199214441 0.0 207.0
1.4461753919087894 103.7789157811371 131.2938199214441 0.0 208.0
1.4461753919087894 103.7789157811371 131.2938199214441 0.0 209.0
1.4461753919087894 103.7789157811371 131.2938199214441 0.0 210.0
1.4461753919087894 103.7789157811371 131.2938199214441 0.0 211.0
1.4461753919087894 103.7789157811371 131.2938199214441 0.0 212.0
1.4461753919087894 103.7789157811371 131.2938199214441 0.0 213.0
1.4461753919087894 103.7789157811371 131.2938199214441 0.0 214.0
1.4461753919087894 103.7789157811371 131.2938199214441 0.0 215.0
1.4461753919087894 103.7789157811371 131.2938199214441 0.0 216.0
1.4461753919087894 103.7789157811371 131.2938199214441 0.0 217.0
1.4461753919087894 103.7789157811371 131.2938199214441 0.0 218.0
1.4461753919087894 103.7789157811371 131.2938199214441 0.0 219.0
1.4461753919087894 103.7789157811371 131.2938199214441 0.0 220.0
1.4461753919087894 103.7789157811371 131.2938199214441 0.0 221.0
1.4461753919087894 103.7789157811371 131.2938199214441 0.0 222.0
1.4461753919087894 103.7789157811371 131.2938199214441 0.0 223.0
1.4461753919087894 103.7789157811371 131.2938199214441 0.0 224.0
1.4461753919087894 103.7789157811371 131.2938199214441 0.0 225.0
1.4461753919087894 103.7789157811371 131.2938199214441 0.0 226.0
1.4461753919087894 103.7789157811371 131.2938199214441 0.0 227.0
1.4461753919087894 103.7789157811371 131.2938199214441 0.0 228.0
1.4461753919087894 103.7789157811371 131.2938199214441 0.0 229.0
1.4461753919087894 103.7789157811371 131.2938199214441 0.0 230.0
1.4461753919087894 103.7789157811371 131.2938199214441 0.0 231.0
1.4461753919087894 103.7789157811371 131.2938199214441 0.0 232.0
1.4461753919087894 103.7789157811371 131.2938199214441 0.0 233.0
1.4461753919087894 103.7789157811371 131.2938199214441 0.0 234.0
1.4461753919087894 103.7789157811371 131.2938199214441 0.0 235.0
1.4461753919087894 103.7789157811371 131.2938199214441 0.0 236.0
1.4461753919087894 103.7789157811371 131.2938199214441 0.0 237.0
1.4461753919087894 103.7789157811371 131.2938199214441 0.0 238.0
1.4461753919087894 103.7789157811371 131.2938199214441 0.0 239.0
1.4461753919087894 103.7789157811371 131.2938199214441 0.0 240.0
1.4461753919087894 103.7789157811371 131.2938199214441 0.0 241.0
1.4461753919087894 103.7789157811371 131.2938199214441 0.0 242.0
1.4461753919087894 103.7789157811371 131.2938199214441 0.0 243.0
1.4461753919087894 103.7789157811371 131.2938199214441 0.0 244.0
1.4461753919087894 103.7789157811371 131.2938199214441 0.0 245.0
1.4461753919087894 103.7789157811371 131.2938199214441 0.0 246.0
1.4461753919087894 103.7789157811371 131.2938199214441 0.0 247.0
1.4461753919087894 103.7789157811371 131.2938199214441 0.0 248.0
1.4461753919087894 103.7789157811371 131.2938199214441 0.0 249.0
1.4461753919087894 103.7789157811371 131.2938199214441 0.0 250.0
1.4461753919087894 103.7789157811371 131.2938199214441 0.0 251.0
1.4461753919087894 103.7789157811371 131.2938199214441 0.0 252.0
1.4461753919087894 103.7789157811371 131.2938199214441 0.0 253.0
1.4461753919087894 103.7789157811371 131.2938199214441 0.0 254.0
1.4461753919087894 103.7789157811371 131.2938199214441 0.0 255.0
1.4461753919087894 103.7789157811371 131.2938199214441 0.0 256.0
1.4461753919087894 103.7789157811371 131.2938199214441 0.0 257.0
1.4461753919087894 103.7789157811371 131.2938199214441 0.0 258.0
1.4461753919087894 103.7789157811371 131.2938199214441 0.0 259.0
1.4461753919087894 103.7789157811371 131.2938199214441 0.0 260.0
1.4461753919087894 103.7789157811371 131.2938199214441 0.0 261.0
1.4461753919087894 103.7789157811371 131.2938199214441 0.0 262.0
1.4461753919087894 103.7789157811371 131.2938199214441 0.0 263.0
1.4461753919087894 103.7789157811371 131.2938199214441 0.0 264.0
1.4461753919087894 103.7789157811371 131.2938199214441 0.0 265.0
1.4461753919087894 103.7789157811371 131.2938199214441 0.0 266.0
1.4461753919087894 103.7789157811371 131.2938199214441 0.0 267.0
1.4461753919087894 103.7789157811371 131.2938199214441 0.0 268.0
1.4461753919087894 103.7789157811371 131.2938199214441 0.0 269.0
1.4461753919087894 103.7789157811371 131.2938199214441 0.0 270.0
1.4461753919087894 103.7789157811371 131.2938199214441 0.0 271.0
1.4461753919087894 103.7789157811371 131.2938199214441 0.0 272.0
1.4461753919087894 103.7789157811371 131.2938199214441 0.0 273.0
1.4461753919087894 103.7789157811371 131.2938199214441 0.0 274.0
1.4461753919087894 103.7789157811371 131.2938199214441 0.0 275.0
1.4461753919087894 103.7789157811371 131.2938199214441 0.0 276.0
1.4461753919087894 103.7789157811371 131.2938199214441 0.0 277.0
1.4461753919087894 103.7789157811371 131.2938199214441 0.0 278.0
1.4461753919087894 103.7789157811371 131.2938199214441 0.0 279.0
1.4461753919087894 103.7789157811371 131.2938199214441 0.0 280.0
1.4461753919087894 103.7789157811371 131.2938199214441 0.0 281.0
1.4461753919087894 103.7789157811371 131.2938199214441 0.0 282.0
1.4461753919087894 103.7789157811371 131.2938199214441 0.0 283.0
1.4461753919087894 103.7789157811371 131.2938199214441 0.0 284.0
1.4461753919087894 103.7789157811371 131.2938199214441 0.0 285.0
1.4461753919087894 103.7789157811371 131.2938199214441 0.0 286.0
1.4461753919087894 103.7789157811371 131.2938199214441 0.0 287.0
1.4461753919087894 103.7789157811371 131.2938199214441 0.0 288.0
1.4461753919087894 103.7789157811371 131.2938199214441 0.0 289.0
1.4461753919087894 103.7789157811371 131.2938199214441 0.0 290.0
1.4461753919087894 103.7789157811371 131.2938199214441 0.0 291.0
1.4461753919087894 103.7789157811371 131.2938199214441 0.0 292.0
1.4461753919087894 103.7789157811371 131.2938199214441 0.0 293.0
1.4461753919087894 103.7789157811371 131.2938199214441 0.0 294.0
1.4461753919087894 103.7789157811371 131.2938199214441 0.0 295.0
1.4461753919087894 103.7789157811371 131.2938199214441 0.0 296.0
1.4461753919087894 103.7789157811371 131.2938199214441 0.0 297.0
1.4461753919087894 103.7789157811371 131.2938199214441 0.0 298.0
1.4461753919087894 103.7789157811371 131.2938199214441 0.0 299.0
1.4461753919087894 103.7789157811371 131.2938199214441 0.0 300.0
1.4461753919087894 103.7789157811371 131.2938199214441 0.0 301.0
1.4461753919087894 103.7789157811371 131.2938199214441 0.0 302.0
1.4461753919087894 103.7789157811371 131.2938199214441 0.0 303.0
1.4461753919087894 103.7789157811371 131.2938199214441 0.0 304.0
1.4461753919087894 103.7789157811371 131.2938199214441 0.0 305.0
1.4461753919087894 103.7789157811371 131.2938199214441 0.0 306.0
1.4461753919087894 103.7789157811371 131.2938199214441 0.0 307.0
1.4461753919087894 103.7789157811371 131.2938199214441 0.0 308.0
1.4461753919087894 103.7789157811371 131.2938199214441 0.0 309.0
1.4461753919087894 103.7789157811371 131.2938199214441 0.0 310.0
1.4461753919087894 103.7789157811371 131.2938199214441 0.0 311.0
1.4461753919087894 103.7789157811371 131.2938199214441 0.0 312.0
1.4461753919087894 103.7789157811371 131.2938199214441 0.0 313.0
1.4461753919087894 103.7789157811371 131.2938199214441 0.0 314.0
1.4461753919087894 103.7789157811371 131.2938199214441 0.0 315.0
1.4461753919087894 103.7789157811371 131.2938199214441 0.0 316.0
1.4461753919087894 103.7789157811371 131.2938199214441 0.0 317.0
1.4461753919087894 103.7789157811371 131.2938199214441 0.0 318.0
1.4461753919087894 103.7789157811371 131.2938199214441 0.0 319.0
1.4469992461197163 103.77725288442073 13.233359311724273 16.67 320.0
1.447106529153922 103.77727789192015 13.233359311724234 12.170000000000002 321.0
1.447194682839785 103.7772984403983 13.23335931172421 10.0 322.0
1.44728283652675 103.77731898887531 13.233359311724158 10.0 323.0
1.4473709902148186 103.77733953735118 13.233359311724234 10.0 324.0
1.4474591439039906 103.77736008582593 13.233359311724234 10.0 325.0
1.4475472975942651 103.77738063429956 13.233359311724234 10.0 326.0
1.447635451285643 103.77740118277207 13.233359311724234 10.0 327.0
1.4477236049781235 103.77742173124342 13.233359311724234 10.0 328.0
1.4478117586717074 103.77744227971367 13.233359311724323 10.0 329.0
1.447899912366394 103.77746282818278 13.233359311724323 10.0 330.0
1.4479880660621836 103.77748337665074 13.233359311724158 10.0 331.0
1.4480762197590762 103.77750392511761 13.233359311724158 10.0 332.0
1.4481643734570713 103.77752447358333 13.233359311724234 10.0 333.0
1.4482525271561693 103.77754502204792 13.233359311724248 10.0 334.0
1.44834068085637 103.77756557051138 13.233359311724248 10.0 335.0
1.448428834557673 103.77758611897372 13.233359311724158 10.0 336.0
1.4485169882600795 103.77760666743492 13.233359311724158 10.0 337.0
1.4486051419635884 103.77762721589502 13.233359311724158 10.0 338.0
1.4486932956681993 103.77764776435397 13.233359311724323 10.0 339.0
1.4487814493739128 103.77766831281181 13.233359311724323 10.0 340.0
1.4488696030807289 103.77768886126852 13.233359311724158 10.0 341.0
1.4489577567886476 103.77770940972408 13.233359311724323 10.0 342.0
1.4490456245393633 103.77773108216682 14.710086504562048 10.0 343.0
1.4491330158203202 103.77775462742635 15.201954553868166 10.0 344.0
1.4492204071025068 103.77777817268505 15.201954553868 10.0 345.0
1.4493077983859222 103.77780171794294 15.201954553868013 10.0 346.0
1.4493948141578756 103.77782654658327 16.904372012909874 10.0 347.0
1.4494812880250083 103.77785322728629 17.28149837181659 10.0 348.0
1.4495672834408566 103.77788120114614 19.036224244964124 10.0 349.0
1.4496505584731403 103.77791652763746 23.150261407824143 10.0 350.0
1.4497338335070127 103.77795185412926 23.150261407824193 10.0 351.0
