44786156#1
1.3438445940432864 103.68790990392381 232.7495168578214
1.3438417675166348 103.68790621488577 232.7495168578214
1.343837428765246 103.68790055216932 232.7495168578215
1.3438340656209338 103.68789616276538 232.7495168578214
1.343830145376627 103.68789104626303 232.7495168578214
1.3438248101764985 103.68788408303273 232.7495168578214
1.343821104678191 103.68787924680588 232.7495168578214
1.3438173708379568 103.68787437358863 232.7495168578214
1.343813423433158 103.68786922163785 232.7495168578214
1.3438082550239814 103.68786247609464 232.74951685782116
1.3438041319169713 103.68785709482637 232.7495168578214
1.343799732853078 103.68785135339328 232.74951685782116
1.3437955741732872 103.68784592569725 232.7495168578214
1.3437926009778784 103.68784204523479 232.74951685782116
1.3437897828562 103.6878383671666 232.7495168578214
1.3437849063912966 103.68783200265422 232.74951685782116
1.3437802589116192 103.68782593700168 232.7495168578214
1.3437758187046471 103.68782014187084 232.7495168578214
1.343772780945251 103.68781617714284 232.7495168578214
1.3437682075988595 103.6878102082453 232.74951685782128
1.3437644488575127 103.68780530252855 232.7495168578214
1.3437604073632865 103.68780002777724 232.74951685782128
1.3437566685097764 103.68779514801714 232.74951685782128
1.3437528705160018 103.68779019107018 232.74951685782113
1.343748536496162 103.68778453452947 232.74951685782128
1.3437443656779129 103.68777909099114 232.7495168578214
1.3437391229771096 103.68777224848665 232.7495168578214
1.343735460845226 103.68776746885973 232.74951685782128
1.3437311497485742 103.68776184223726 232.74951685782128
1.3437265481575 103.68775583647638 232.7495168578214
1.3437212309891775 103.68774889678079 232.74951685782113
1.3437160980716407 103.68774219755987 232.74951685782128
1.343712926066838 103.68773805762177 232.74951685782128
1.3437074599924097 103.68773092358163 232.74951685782125
1.3437020607258792 103.68772387673572 232.74951685782128
1.3436976970249799 103.68771818145702 232.7495168578214
1.3436928439746199 103.68771184750452 232.7495168578214
1.3436900676204866 103.68770822394946 232.74951685782113
1.3436849269650073 103.68770151462954 232.7495168578214
