1.2796599558100346 103.84485869491638 140.1998639086211 0.0 1.0
1.2796418613785496 103.84487368728395 140.1998639086205 2.6 2.0
1.279605672514731 103.84490367201842 140.1998639086205 5.2 3.0
1.2795486910674927 103.84494520605696 144.0431439124609 7.800000000000001 4.0
1.279475363526923 103.84499810466436 144.0431439124609 10.0 5.0
1.2794020359824672 103.84505100326784 144.0431439124609 10.0 6.0
1.279328708434126 103.84510390186743 144.04314391246092 10.0 7.0
1.2792759895908448 103.8451419333132 144.04314391246098 7.189499999999998 8.0
1.279256268145304 103.84515616039013 144.0431439124609 2.6895000000000002 9.0
1.279256268145304 103.84515616039013 144.0431439124609 0.0 10.0
1.279256268145304 103.84515616039013 144.0431439124609 0.0 11.0
1.279256268145304 103.84515616039013 144.0431439124609 0.0 12.0
1.279256268145304 103.84515616039013 144.0431439124609 0.0 13.0
1.279256268145304 103.84515616039013 144.0431439124609 0.0 14.0
1.279256268145304 103.84515616039013 144.0431439124609 0.0 15.0
1.279256268145304 103.84515616039013 144.0431439124609 0.0 16.0
1.279256268145304 103.84515616039013 144.0431439124609 0.0 17.0
1.279256268145304 103.84515616039013 144.0431439124609 0.0 18.0
1.279256268145304 103.84515616039013 144.0431439124609 0.0 19.0
1.279256268145304 103.84515616039013 144.0431439124609 0.0 20.0
1.279256268145304 103.84515616039013 144.0431439124609 0.0 21.0
1.279256268145304 103.84515616039013 144.0431439124609 0.0 22.0
1.279256268145304 103.84515616039013 144.0431439124609 0.0 23.0
1.279256268145304 103.84515616039013 144.0431439124609 0.0 24.0
1.279256268145304 103.84515616039013 144.0431439124609 0.0 25.0
1.279256268145304 103.84515616039013 144.0431439124609 0.0 26.0
1.279256268145304 103.84515616039013 144.0431439124609 0.0 27.0
1.279256268145304 103.84515616039013 144.0431439124609 0.0 28.0
1.279256268145304 103.84515616039013 144.0431439124609 0.0 29.0
1.279256268145304 103.84515616039013 144.0431439124609 0.0 30.0
1.279256268145304 103.84515616039013 144.0431439124609 0.0 31.0
1.279256268145304 103.84515616039013 144.0431439124609 0.0 32.0
1.279256268145304 103.84515616039013 144.0431439124609 0.0 33.0
1.279256268145304 103.84515616039013 144.0431439124609 0.0 34.0
1.279256268145304 103.84515616039013 144.0431439124609 0.0 35.0
1.279256268145304 103.84515616039013 144.0431439124609 0.0 36.0
1.279256268145304 103.84515616039013 144.0431439124609 0.0 37.0
1.279256268145304 103.84515616039013 144.0431439124609 0.0 38.0
1.279256268145304 103.84515616039013 144.0431439124609 0.0 39.0
1.279256268145304 103.84515616039013 144.0431439124609 0.0 40.0
1.279256268145304 103.84515616039013 144.0431439124609 0.0 41.0
1.279256268145304 103.84515616039013 144.0431439124609 0.0 42.0
1.279256268145304 103.84515616039013 144.0431439124609 0.0 43.0
1.279256268145304 103.84515616039013 144.0431439124609 0.0 44.0
1.279256268145304 103.84515616039013 144.0431439124609 0.0 45.0
1.279256268145304 103.84515616039013 144.0431439124609 0.0 46.0
1.279256268145304 103.84515616039013 144.0431439124609 0.0 47.0
1.279256268145304 103.84515616039013 144.0431439124609 0.0 48.0
1.279256268145304 103.84515616039013 144.0431439124609 0.0 49.0
1.279256268145304 103.84515616039013 144.0431439124609 0.0 50.0
1.279256268145304 103.84515616039013 144.0431439124609 0.0 51.0
1.279256268145304 103.84515616039013 144.0431439124609 0.0 52.0
1.279256268145304 103.84515616039013 144.0431439124609 0.0 53.0
1.279256268145304 103.84515616039013 144.0431439124609 0.0 54.0
1.279256268145304 103.84515616039013 144.0431439124609 0.0 55.0
1.279256268145304 103.84515616039013 144.0431439124609 0.0 56.0
1.279256268145304 103.84515616039013 144.0431439124609 0.0 57.0
1.279256268145304 103.84515616039013 144.0431439124609 0.0 58.0
1.279256268145304 103.84515616039013 144.0431439124609 0.0 59.0
1.279256268145304 103.84515616039013 144.0431439124609 0.0 60.0
1.279256268145304 103.84515616039013 144.0431439124609 0.0 61.0
1.279256268145304 103.84515616039013 144.0431439124609 0.0 62.0
1.279256268145304 103.84515616039013 144.0431439124609 0.0 63.0
1.279256268145304 103.84515616039013 144.0431439124609 0.0 64.0
1.279256268145304 103.84515616039013 144.0431439124609 0.0 65.0
1.279256268145304 103.84515616039013 144.0431439124609 0.0 66.0
1.279256268145304 103.84515616039013 144.0431439124609 0.0 67.0
1.279256268145304 103.84515616039013 144.0431439124609 0.0 68.0
1.279256268145304 103.84515616039013 144.0431439124609 0.0 69.0
1.279256268145304 103.84515616039013 144.0431439124609 0.0 70.0
1.279256268145304 103.84515616039013 144.0431439124609 0.0 71.0
1.279256268145304 103.84515616039013 144.0431439124609 0.0 72.0
1.279256268145304 103.84515616039013 144.0431439124609 0.0 73.0
1.279256268145304 103.84515616039013 144.0431439124609 0.0 74.0
1.279256268145304 103.84515616039013 144.0431439124609 0.0 75.0
1.279256268145304 103.84515616039013 144.0431439124609 0.0 76.0
1.279256268145304 103.84515616039013 144.0431439124609 0.0 77.0
1.279256268145304 103.84515616039013 144.0431439124609 0.0 78.0
1.279256268145304 103.84515616039013 144.0431439124609 0.0 79.0
1.279256268145304 103.84515616039013 144.0431439124609 0.0 80.0
1.279256268145304 103.84515616039013 144.0431439124609 0.0 81.0
1.279256268145304 103.84515616039013 144.0431439124609 0.0 82.0
1.279256268145304 103.84515616039013 144.0431439124609 0.0 83.0
1.279256268145304 103.84515616039013 144.0431439124609 0.0 84.0
1.279256268145304 103.84515616039013 144.0431439124609 0.0 85.0
1.279256268145304 103.84515616039013 144.0431439124609 0.0 86.0
1.279256268145304 103.84515616039013 144.0431439124609 0.0 87.0
1.279256268145304 103.84515616039013 144.0431439124609 0.0 88.0
1.279256268145304 103.84515616039013 144.0431439124609 0.0 89.0
1.279256268145304 103.84515616039013 144.0431439124609 0.0 90.0
1.279256268145304 103.84515616039013 144.0431439124609 0.0 91.0
1.279256268145304 103.84515616039013 144.0431439124609 0.0 92.0
1.279256268145304 103.84515616039013 144.0431439124609 0.0 93.0
1.279256268145304 103.84515616039013 144.0431439124609 0.0 94.0
1.279256268145304 103.84515616039013 144.0431439124609 0.0 95.0
1.279256268145304 103.84515616039013 144.0431439124609 0.0 96.0
1.279256268145304 103.84515616039013 144.0431439124609 0.0 97.0
1.279256268145304 103.84515616039013 144.0431439124609 0.0 98.0
1.279256268145304 103.84515616039013 144.0431439124609 0.0 99.0
1.279256268145304 103.84515616039013 144.0431439124609 0.0 100.0
1.279256268145304 103.84515616039013 144.0431439124609 0.0 101.0
1.279256268145304 103.84515616039013 144.0431439124609 0.0 102.0
1.279256268145304 103.84515616039013 144.0431439124609 0.0 103.0
1.279256268145304 103.84515616039013 144.0431439124609 0.0 104.0
1.279256268145304 103.84515616039013 144.0431439124609 0.0 105.0
1.279256268145304 103.84515616039013 144.0431439124609 0.0 106.0
1.279256268145304 103.84515616039013 144.0431439124609 0.0 107.0
1.279256268145304 103.84515616039013 144.0431439124609 0.0 108.0
1.279256268145304 103.84515616039013 144.0431439124609 0.0 109.0
1.279256268145304 103.84515616039013 144.0431439124609 0.0 110.0
1.279256268145304 103.84515616039013 144.0431439124609 0.0 111.0
1.279256268145304 103.84515616039013 144.0431439124609 0.0 112.0
1.279256268145304 103.84515616039013 144.0431439124609 0.0 113.0
1.279256268145304 103.84515616039013 144.0431439124609 0.0 114.0
1.279256268145304 103.84515616039013 144.0431439124609 0.0 115.0
1.279256268145304 103.84515616039013 144.0431439124609 0.0 116.0
1.279256268145304 103.84515616039013 144.0431439124609 0.0 117.0
1.279256268145304 103.84515616039013 144.0431439124609 0.0 118.0
1.279256268145304 103.84515616039013 144.0431439124609 0.0 119.0
1.279256268145304 103.84515616039013 144.0431439124609 0.0 120.0
1.279256268145304 103.84515616039013 144.0431439124609 0.0 121.0
1.279256268145304 103.84515616039013 144.0431439124609 0.0 122.0
1.279256268145304 103.84515616039013 144.0431439124609 0.0 123.0
1.279256268145304 103.84515616039013 144.0431439124609 0.0 124.0
1.279256268145304 103.84515616039013 144.0431439124609 0.0 125.0
1.279256268145304 103.84515616039013 144.0431439124609 0.0 126.0
1.279256268145304 103.84515616039013 144.0431439124609 0.0 127.0
1.279256268145304 103.84515616039013 144.0431439124609 0.0 128.0
1.279256268145304 103.84515616039013 144.0431439124609 0.0 129.0
1.279256268145304 103.84515616039013 144.0431439124609 0.0 130.0
1.279256268145304 103.84515616039013 144.0431439124609 0.0 131.0
1.279256268145304 103.84515616039013 144.0431439124609 0.0 132.0
1.279256268145304 103.84515616039013 144.0431439124609 0.0 133.0
1.279256268145304 103.84515616039013 144.0431439124609 0.0 134.0
1.279256268145304 103.84515616039013 144.0431439124609 0.0 135.0
1.279256268145304 103.84515616039013 144.0431439124609 0.0 136.0
1.279256268145304 103.84515616039013 144.0431439124609 0.0 137.0
1.279256268145304 103.84515616039013 144.0431439124609 0.0 138.0
1.279256268145304 103.84515616039013 144.0431439124609 0.0 139.0
1.279256268145304 103.84515616039013 144.0431439124609 0.0 140.0
1.279256268145304 103.84515616039013 144.0431439124609 0.0 141.0
1.279256268145304 103.84515616039013 144.0431439124609 0.0 142.0
1.279256268145304 103.84515616039013 144.0431439124609 0.0 143.0
1.279256268145304 103.84515616039013 144.0431439124609 0.0 144.0
1.279256268145304 103.84515616039013 144.0431439124609 0.0 145.0
1.279256268145304 103.84515616039013 144.0431439124609 0.0 146.0
1.279256268145304 103.84515616039013 144.0431439124609 0.0 147.0
1.279256268145304 103.84515616039013 144.0431439124609 0.0 148.0
1.279256268145304 103.84515616039013 144.0431439124609 0.0 149.0
1.279256268145304 103.84515616039013 144.0431439124609 0.0 150.0
1.279256268145304 103.84515616039013 144.0431439124609 0.0 151.0
1.279256268145304 103.84515616039013 144.0431439124609 0.0 152.0
1.279256268145304 103.84515616039013 144.0431439124609 0.0 153.0
1.279256268145304 103.84515616039013 144.0431439124609 0.0 154.0
1.279256268145304 103.84515616039013 144.0431439124609 0.0 155.0
1.279256268145304 103.84515616039013 144.0431439124609 0.0 156.0
1.279256268145304 103.84515616039013 144.0431439124609 0.0 157.0
1.279256268145304 103.84515616039013 144.0431439124609 0.0 158.0
1.279256268145304 103.84515616039013 144.0431439124609 0.0 159.0
1.279256268145304 103.84515616039013 144.0431439124609 0.0 160.0
1.279256268145304 103.84515616039013 144.0431439124609 0.0 161.0
1.279256268145304 103.84515616039013 144.0431439124609 0.0 162.0
1.279256268145304 103.84515616039013 144.0431439124609 0.0 163.0
1.279256268145304 103.84515616039013 144.0431439124609 0.0 164.0
1.279256268145304 103.84515616039013 144.0431439124609 0.0 165.0
1.279256268145304 103.84515616039013 144.0431439124609 0.0 166.0
1.279256268145304 103.84515616039013 144.0431439124609 0.0 167.0
1.279256268145304 103.84515616039013 144.0431439124609 0.0 168.0
1.279256268145304 103.84515616039013 144.0431439124609 0.0 169.0
1.279256268145304 103.84515616039013 144.0431439124609 0.0 170.0
1.279256268145304 103.84515616039013 144.0431439124609 0.0 171.0
1.279256268145304 103.84515616039013 144.0431439124609 0.0 172.0
1.279256268145304 103.84515616039013 144.0431439124609 0.0 173.0
1.279256268145304 103.84515616039013 144.0431439124609 0.0 174.0
1.279256268145304 103.84515616039013 144.0431439124609 0.0 175.0
1.279256268145304 103.84515616039013 144.0431439124609 0.0 176.0
1.279256268145304 103.84515616039013 144.0431439124609 0.0 177.0
1.279256268145304 103.84515616039013 144.0431439124609 0.0 178.0
1.279256268145304 103.84515616039013 144.0431439124609 0.0 179.0
1.279256268145304 103.84515616039013 144.0431439124609 0.0 180.0
1.279256268145304 103.84515616039013 144.0431439124609 0.0 181.0
1.279256268145304 103.84515616039013 144.0431439124609 0.0 182.0
1.279256268145304 103.84515616039013 144.0431439124609 0.0 183.0
1.279256268145304 103.84515616039013 144.0431439124609 0.0 184.0
1.279256268145304 103.84515616039013 144.0431439124609 0.0 185.0
1.279256268145304 103.84515616039013 144.0431439124609 0.0 186.0
1.279256268145304 103.84515616039013 144.0431439124609 0.0 187.0
1.279256268145304 103.84515616039013 144.0431439124609 0.0 188.0
1.279256268145304 103.84515616039013 144.0431439124609 0.0 189.0
1.279256268145304 103.84515616039013 144.0431439124609 0.0 190.0
1.279256268145304 103.84515616039013 144.0431439124609 0.0 191.0
1.279256268145304 103.84515616039013 144.0431439124609 0.0 192.0
1.279256268145304 103.84515616039013 144.0431439124609 0.0 193.0
1.279256268145304 103.84515616039013 144.0431439124609 0.0 194.0
1.279256268145304 103.84515616039013 144.0431439124609 0.0 195.0
1.279256268145304 103.84515616039013 144.0431439124609 0.0 196.0
1.279256268145304 103.84515616039013 144.0431439124609 0.0 197.0
1.279256268145304 103.84515616039013 144.0431439124609 0.0 198.0
1.279256268145304 103.84515616039013 144.0431439124609 0.0 199.0
1.279256268145304 103.84515616039013 144.0431439124609 0.0 200.0
1.279256268145304 103.84515616039013 144.0431439124609 0.0 201.0
1.279256268145304 103.84515616039013 144.0431439124609 0.0 202.0
1.279256268145304 103.84515616039013 144.0431439124609 0.0 203.0
1.279256268145304 103.84515616039013 144.0431439124609 0.0 204.0
1.279256268145304 103.84515616039013 144.0431439124609 0.0 205.0
1.279256268145304 103.84515616039013 144.0431439124609 0.0 206.0
1.279256268145304 103.84515616039013 144.0431439124609 0.0 207.0
1.279256268145304 103.84515616039013 144.0431439124609 0.0 208.0
1.279256268145304 103.84515616039013 144.0431439124609 0.0 209.0
1.279256268145304 103.84515616039013 144.0431439124609 0.0 210.0
1.279256268145304 103.84515616039013 144.0431439124609 0.0 211.0
1.279256268145304 103.84515616039013 144.0431439124609 0.0 212.0
1.279256268145304 103.84515616039013 144.0431439124609 0.0 213.0
1.279256268145304 103.84515616039013 144.0431439124609 0.0 214.0
1.279256268145304 103.84515616039013 144.0431439124609 0.0 215.0
1.279256268145304 103.84515616039013 144.0431439124609 0.0 216.0
1.279256268145304 103.84515616039013 144.0431439124609 0.0 217.0
1.279256268145304 103.84515616039013 144.0431439124609 0.0 218.0
1.279256268145304 103.84515616039013 144.0431439124609 0.0 219.0
1.279256268145304 103.84515616039013 144.0431439124609 0.0 220.0
1.279256268145304 103.84515616039013 144.0431439124609 0.0 221.0
1.279256268145304 103.84515616039013 144.0431439124609 0.0 222.0
1.279256268145304 103.84515616039013 144.0431439124609 0.0 223.0
1.279256268145304 103.84515616039013 144.0431439124609 0.0 224.0
1.279256268145304 103.84515616039013 144.0431439124609 0.0 225.0
1.279256268145304 103.84515616039013 144.0431439124609 0.0 226.0
1.279256268145304 103.84515616039013 144.0431439124609 0.0 227.0
1.279256268145304 103.84515616039013 144.0431439124609 0.0 228.0
1.279256268145304 103.84515616039013 144.0431439124609 0.0 229.0
1.279256268145304 103.84515616039013 144.0431439124609 0.0 230.0
1.279256268145304 103.84515616039013 144.0431439124609 0.0 231.0
1.279256268145304 103.84515616039013 144.0431439124609 0.0 232.0
1.279256268145304 103.84515616039013 144.0431439124609 0.0 233.0
1.279256268145304 103.84515616039013 144.0431439124609 0.0 234.0
1.279256268145304 103.84515616039013 144.0431439124609 0.0 235.0
1.279256268145304 103.84515616039013 144.0431439124609 0.0 236.0
1.279256268145304 103.84515616039013 144.0431439124609 0.0 237.0
1.279256268145304 103.84515616039013 144.0431439124609 0.0 238.0
1.279256268145304 103.84515616039013 144.0431439124609 0.0 239.0
1.279256268145304 103.84515616039013 144.0431439124609 0.0 240.0
1.279256268145304 103.84515616039013 144.0431439124609 0.0 241.0
1.279256268145304 103.84515616039013 144.0431439124609 0.0 242.0
1.279256268145304 103.84515616039013 144.0431439124609 0.0 243.0
1.279256268145304 103.84515616039013 144.0431439124609 0.0 244.0
1.279256268145304 103.84515616039013 144.0431439124609 0.0 245.0
1.279256268145304 103.84515616039013 144.0431439124609 0.0 246.0
1.279256268145304 103.84515616039013 144.0431439124609 0.0 247.0
1.279256268145304 103.84515616039013 144.0431439124609 0.0 248.0
1.279256268145304 103.84515616039013 144.0431439124609 0.0 249.0
1.279256268145304 103.84515616039013 144.0431439124609 0.0 250.0
1.279256268145304 103.84515616039013 144.0431439124609 0.0 251.0
1.279256268145304 103.84515616039013 144.0431439124609 0.0 252.0
1.279256268145304 103.84515616039013 144.0431439124609 0.0 253.0
1.279256268145304 103.84515616039013 144.0431439124609 0.0 254.0
1.279256268145304 103.84515616039013 144.0431439124609 0.0 255.0
1.279256268145304 103.84515616039013 144.0431439124609 0.0 256.0
1.279256268145304 103.84515616039013 144.0431439124609 0.0 257.0
1.279256268145304 103.84515616039013 144.0431439124609 0.0 258.0
1.279256268145304 103.84515616039013 144.0431439124609 0.0 259.0
1.279256268145304 103.84515616039013 144.0431439124609 0.0 260.0
1.279256268145304 103.84515616039013 144.0431439124609 0.0 261.0
1.279256268145304 103.84515616039013 144.0431439124609 0.0 262.0
1.279256268145304 103.84515616039013 144.0431439124609 0.0 263.0
1.279256268145304 103.84515616039013 144.0431439124609 0.0 264.0
1.279256268145304 103.84515616039013 144.0431439124609 0.0 265.0
1.279256268145304 103.84515616039013 144.0431439124609 0.0 266.0
1.279256268145304 103.84515616039013 144.0431439124609 0.0 267.0
1.279256268145304 103.84515616039013 144.0431439124609 0.0 268.0
1.279256268145304 103.84515616039013 144.0431439124609 0.0 269.0
1.279256268145304 103.84515616039013 144.0431439124609 0.0 270.0
1.279256268145304 103.84515616039013 144.0431439124609 0.0 271.0
1.279256268145304 103.84515616039013 144.0431439124609 0.0 272.0
1.279256268145304 103.84515616039013 144.0431439124609 0.0 273.0
1.279256268145304 103.84515616039013 144.0431439124609 0.0 274.0
1.279256268145304 103.84515616039013 144.0431439124609 0.0 275.0
1.279256268145304 103.84515616039013 144.0431439124609 0.0 276.0
1.279256268145304 103.84515616039013 144.0431439124609 0.0 277.0
1.279256268145304 103.84515616039013 144.0431439124609 0.0 278.0
1.279256268145304 103.84515616039013 144.0431439124609 0.0 279.0
1.279256268145304 103.84515616039013 144.0431439124609 0.0 280.0
1.279256268145304 103.84515616039013 144.0431439124609 0.0 281.0
1.279256268145304 103.84515616039013 144.0431439124609 0.0 282.0
1.279256268145304 103.84515616039013 144.0431439124609 0.0 283.0
1.279256268145304 103.84515616039013 144.0431439124609 0.0 284.0
1.279256268145304 103.84515616039013 144.0431439124609 0.0 285.0
1.279256268145304 103.84515616039013 144.0431439124609 0.0 286.0
1.279256268145304 103.84515616039013 144.0431439124609 0.0 287.0
1.279256268145304 103.84515616039013 144.0431439124609 0.0 288.0
1.279256268145304 103.84515616039013 144.0431439124609 0.0 289.0
1.279256268145304 103.84515616039013 144.0431439124609 0.0 290.0
1.279256268145304 103.84515616039013 144.0431439124609 0.0 291.0
1.279256268145304 103.84515616039013 144.0431439124609 0.0 292.0
1.279256268145304 103.84515616039013 144.0431439124609 0.0 293.0
1.279256268145304 103.84515616039013 144.0431439124609 0.0 294.0
1.279256268145304 103.84515616039013 144.0431439124609 0.0 295.0
1.279256268145304 103.84515616039013 144.0431439124609 0.0 296.0
1.279256268145304 103.84515616039013 144.0431439124609 0.0 297.0
1.279256268145304 103.84515616039013 144.0431439124609 0.0 298.0
1.279256268145304 103.84515616039013 144.0431439124609 0.0 299.0
1.279256268145304 103.84515616039013 144.0431439124609 0.0 300.0
1.279256268145304 103.84515616039013 144.0431439124609 0.0 301.0
1.279256268145304 103.84515616039013 144.0431439124609 0.0 302.0
1.279256268145304 103.84515616039013 144.0431439124609 0.0 303.0
1.279256268145304 103.84515616039013 144.0431439124609 0.0 304.0
1.279256268145304 103.84515616039013 144.0431439124609 0.0 305.0
1.279256268145304 103.84515616039013 144.0431439124609 0.0 306.0
1.279256268145304 103.84515616039013 144.0431439124609 0.0 307.0
1.279256268145304 103.84515616039013 144.0431439124609 0.0 308.0
1.279256268145304 103.84515616039013 144.0431439124609 0.0 309.0
1.279837791033544 103.8448365744549 51.59393573322258 13.89 310.0
1.2798939205134938 103.84490704557719 51.669222084778156 10.0 311.0
1.2799490670336564 103.84497827696448 52.5840113814221 10.0 312.0
1.2800033825001895 103.84505009580501 53.62469628478973 10.0 313.0
1.2800516167833367 103.84512611928601 57.799387891313664 10.0 314.0
1.2800998510667931 103.84520214277107 57.79938789131359 10.0 315.0
1.2801464052929508 103.84527440567689 54.422780613535 10.0 316.0
1.2801952646410297 103.84535001699821 57.75843818057196 10.0 317.0
1.2802246228411058 103.84539621610746 57.75843818057196 6.0794999999999995 318.0
1.2802693399700389 103.84546030736958 54.14705423851862 8.679499999999999 319.0
1.2803272231951264 103.84552938099274 49.52253224574194 10.0 320.0
1.2803861978434197 103.84559751925734 49.332313983188605 10.0 321.0
1.2804451724927082 103.84566565752547 49.332313983188605 10.0 322.0
1.2805138088503751 103.84572410570101 40.180839160455385 10.0 323.0
1.2805835433734416 103.84578128522156 38.93451278999136 10.0 324.0
1.2806572048681253 103.84583343730213 35.49900101945456 10.0 325.0
1.2807308663644172 103.84588558938478 35.4990010194549 10.0 326.0
1.2807848431294595 103.84591782630868 29.207285247291132 7.0278 327.0
1.2808421958841452 103.84589623344499 331.22644573579794 7.0278 328.0
1.280914617301684 103.84584816611249 326.282046795083 9.6278 329.0
1.280990851314317 103.84579981314297 328.5372701023431 10.0 330.0
1.2810679915496614 103.84575286719246 328.53727010234326 10.0 331.0
1.2811451317815328 103.84570592123785 328.53727010234326 10.0 332.0
1.2812222720099284 103.84565897527914 328.5372701023429 10.0 333.0
1.2812994122348502 103.84561202931629 328.5372701023438 10.0 334.0
1.2813768539126553 103.84556558211092 329.2790369215272 10.0 335.0
1.281454979656967 103.84552029074237 329.98259328206063 10.0 336.0
1.281511425021797 103.84550576943252 349.98465930217156 6.6886 337.0
1.281562444659196 103.84553787354206 33.80696499424374 6.6886 338.0
1.2816322774055104 103.84558428824563 33.80696499424374 9.2886 339.0
1.281707458539135 103.8456342577838 33.80696499424374 10.0 340.0
1.2817819096722072 103.84568527660483 35.43348871832741 10.0 341.0
1.2818555245811976 103.84573749739106 35.551811636355126 10.0 342.0
1.2819291852369186 103.84578966219772 35.46005199782816 10.0 343.0
1.2820032678906121 103.84584128822289 35.00826069463704 10.0 344.0
1.282077634353432 103.84589244300058 34.722019466268996 10.0 345.0
1.2821520008178717 103.8459435977802 34.722019466268456 10.0 346.0
1.282226367283932 103.84599475256181 34.722019466268996 10.0 347.0
1.2822995443276641 103.84604745992566 37.21077046007741 10.0 348.0
