654572674
1.3835089773783387 103.9181908433177 196.82939185142732
1.3835004253628806 103.91818827731002 196.82939185142686
1.3834930171874023 103.91818605450824 196.82939185142806
1.3834849170332966 103.91818362408024 196.82939185142732
1.3834776925593637 103.91818145639756 196.82939185142732
1.3834712509219063 103.91817952360273 196.82939185142732
1.3834651858802138 103.91817770380436 196.82939185142806
1.383459241222968 103.91817592012701 196.82939185142732
1.3834541727246332 103.91817439933861 196.8293918514261
1.3834469769604645 103.9181722402702 196.82939185142806
1.3834407126282 103.91817036067525 196.82939185142732
1.3834343429635592 103.91816844947563 196.82939185142732
1.3834278436105634 103.91816649936338 196.82939185142732
1.3834233577545731 103.91816515339512 196.82939185142686
1.3834169078180159 103.91816321811015 196.82939185142732
1.3834110482545219 103.91816145996489 196.82939185142732
1.3834043853584947 103.91815946078202 196.82939185142732
1.3833981734858893 103.91815759692743 196.82939185142806
1.3833930937445789 103.91815607276557 196.82939185142806
1.3833862023314483 103.91815400501679 196.82939185142732
1.383377501362703 103.91815139431598 196.82939185142732
1.3833709322177776 103.91814942326283 196.82939185142732
1.3833642776761517 103.91814742658666 196.82939185142732
1.3833597170675693 103.91814605818908 196.82939185142772
1.383351618635186 103.91814362827758 196.82939185142806
1.3833446047222255 103.91814152377306 196.82939185142732
1.383337659534205 103.91813943988922 196.82939185142806
1.383330714381055 103.91813735601585 196.82939185142732
1.3833224274024392 103.91813486953157 196.82939185142646
1.383317807083624 103.91813348321811 196.82939185142646
1.38331321762609 103.91813210616446 196.82939185142772
1.3833086664833234 103.91813074060707 196.82939185142772
1.383304235592045 103.91812941113078 196.82939185142732
1.383295749459188 103.91812686489082 196.82939185142772
1.3832884898255886 103.91812453367498 197.0148386633414
1.383280760370968 103.9181216394904 197.71212855894953
1.3832729157812567 103.91811870219512 198.42011913179013
1.3832663606961961 103.91811624773656 199.0118160865938
1.383261947724624 103.91811459536198 199.4101310003121
1.3832550654676374 103.91811201839852 200.03118243827385
1.3832502127638064 103.91811020137244 200.46891600507087
1.3832427924106956 103.91810742292654 200.67493710342183
1.3832343623771508 103.9181042664201 200.67493710342254
1.383227193516231 103.91810158214187 200.67493710342254
1.3832189495269365 103.91809849529706 200.67493710342254
1.383212755395019 103.91809617599228 200.67493710342134
1.3832062737622681 103.91809374903687 200.67493710342134
1.3831981120060575 103.91809069298309 200.67493710342254
1.3831929572635284 103.9180887628629 200.67493710342254
1.3831858081154855 103.91808608596583 200.67493710342254
1.3831810030255045 103.91808428676808 200.67493710342254
1.3831765616036664 103.91808262374069 200.67493710342134
1.383169718619368 103.91808006148233 200.67493710342134
1.3831641395903835 103.91807797249407 200.67493710342254
1.3831572865977173 103.91807540648821 200.67493710342254
1.3831499995369962 103.91807267795171 200.67493710342134
1.3831441994731741 103.91807050620012 200.67493710342254
1.383135793522135 103.91806735871101 200.67493710342134
1.383127547396676 103.91806427106633 200.67493710342254
1.3831212557615085 103.91806174966138 200.87115039157175
1.383116727976467 103.91805971177506 201.27713108151593
1.383110266410939 103.91805680352392 201.8567117213796
1.3831046721253104 103.91805428562212 202.35861677824903
1.3830986130762142 103.91805155853743 202.90224743304796
1.3830924041723904 103.91804876400543 203.45925402456035
1.3830879531592266 103.91804676067296 203.85845726580663
1.383081174504605 103.91804370970492 204.39589189469058
1.383073118249766 103.91804008370869 204.39589189469123
1.383068053548382 103.9180378041646 204.39589189469058
1.3830627277925374 103.91803540712391 204.39589189469058
1.3830575334157882 103.91803306921494 204.39589189469007
1.3830520755780085 103.9180306127262 204.39589189469058
1.3830441311980775 103.91802703708316 204.39589189469007
1.3830382361002758 103.91802438379044 204.39589189469058
1.383030412579931 103.91802086254442 204.39589189469058
1.3830234905521477 103.91801774704633 204.39589189469058
1.3830189721896462 103.91801571340098 204.39589189469058
1.383011885523437 103.91801252380166 204.39589189469174
1.3830063100293357 103.91801001435765 204.39589189469007
1.3830021118606923 103.9180081248266 204.39589189469174
1.3829941624814643 103.91800454693345 204.39589189469007
1.3829897104705788 103.91800254315193 204.39589189469058
1.3829851774270252 103.91800050289888 204.39589189469007
1.382978015288154 103.91799727933048 204.39589189469007
1.3829716781134034 103.91799442706574 204.39589189469174
1.3829672475646437 103.91799243294399 204.39589189469058
1.3829591896168605 103.91798867372233 204.5486778806361
1.382954890905453 103.91798639825181 204.94173756338935
1.3829482051621043 103.91798285923501 205.5532876461722
1.3829406243019924 103.91797884639907 206.24689496269647
1.3829363862459003 103.91797660303571 206.63466535961325
1.3829323646119007 103.91797447423275 207.00260037224606
1.382927574048664 103.91797193840648 207.44079868205898
1.38292080919964 103.91796835751606 208.05933486085263
1.3829129962108553 103.91796422180566 208.07248693585348
1.382907907197644 103.91796152799853 208.07248693585348
1.3829021384800742 103.91795847439818 208.07248693585174
1.3828977122615573 103.91795613143336 208.07248693585348
1.3828924402260079 103.9179533407456 208.07248693585348
1.3828862357266203 103.91795005646945 208.07248693585348
1.3828818408886472 103.91794773011554 208.07248693585237
1.3828746186853178 103.91794390713024 208.07248693585237
1.3828681813051518 103.91794049958152 208.07248693585288
1.382860858131196 103.91793662314866 208.07248693585348
1.382856764820143 103.91793445640435 208.07248693585348
1.3828496323489496 103.91793068091769 208.07248693585348
1.3828424327620197 103.91792686990411 208.07248693585348
1.3828374882549048 103.91792425258956 208.07248693585348
1.3828321186640307 103.9179214102621 208.07248693585348
1.382826964533597 103.91791868198601 208.07248693585237
1.3828202741518598 103.91791514051401 208.07248693585348
1.3828131426063228 103.91791136551736 208.07248693585348
1.3828080302886612 103.91790865937435 208.07248693585174
1.3828034799438258 103.91790625070479 208.07248693585348
