1.299748761197545 103.76320342309738 155.53252478596502 0.0 1.0
1.299727365328252 103.7632131090068 155.53252478596502 2.6 2.0
1.2996845735890714 103.76323248082477 155.53252478596502 5.2 3.0
1.2996203859788158 103.76326153854946 155.53252478596477 7.800000000000001 4.0
1.2995380941681876 103.76329879203873 155.53252478596502 10.0 5.0
1.2994558794577493 103.76333621472493 155.2956463800493 10.0 6.0
1.2993939732990583 103.76339960201396 125.59400484542839 10.0 7.0
1.2993425527142624 103.76347339969776 123.44876385803062 10.0 8.0
1.2993227525718622 103.76352997612042 105.152704909542 6.7494999999999985 9.0
1.2993099531847079 103.76361284665963 96.33427971403634 9.349499999999999 10.0
1.2993220846010325 103.7637016032874 78.29709851977873 10.0 11.0
1.2993446606334589 103.76378863817095 75.38999823435691 10.0 12.0
1.2993675237772455 103.76387560952736 75.38999823435691 10.0 13.0
1.2993904489835788 103.76396256435056 75.30861060834728 10.0 14.0
1.299414454395716 103.76404923134861 74.64102529441574 10.0 15.0
1.2994384598064315 103.76413589835096 74.64102529441574 10.0 16.0
1.2994624652157256 103.76422256535754 74.64102529441574 10.0 17.0
1.2994855515036472 103.76430947008647 75.84404423341212 10.0 18.0
1.2995071241003258 103.76439676631523 76.2331292465452 10.0 19.0
1.2995286966953905 103.76448406254815 76.2331292465452 10.0 20.0
1.2995502692888403 103.76457135878529 76.23312924654512 10.0 21.0
1.2995718418806768 103.76465865502661 76.2331292465452 10.0 22.0
1.2995934144708974 103.76474595127213 76.23312924654505 10.0 23.0
1.2996150039457013 103.76483324014772 76.21011483372189 10.0 24.0
1.2996370746506585 103.764920318876 75.8933590227038 10.0 25.0
1.2996592442751802 103.76500738904065 75.76910779006596 10.0 26.0
1.2996820790042296 103.7650943354924 75.15608639485639 10.0 27.0
1.299705702294924 103.76518107553714 74.88676443440677 10.0 28.0
1.299729325584166 103.76526781558616 74.88676443440677 10.0 29.0
1.2997529488719557 103.76535455563939 74.88676443440599 10.0 30.0
1.299776572158293 103.7654412956969 74.88676443440662 10.0 31.0
1.2998001954431777 103.76552803575863 74.88676443440599 10.0 32.0
1.2998238187266091 103.76561477582463 74.88676443440677 10.0 33.0
1.2998472494907647 103.76570156722114 75.12831923998415 10.0 34.0
1.2998705045040722 103.76578840547761 75.12831923998415 10.0 35.0
1.299893759515898 103.7658752437383 75.128319239984 10.0 36.0
1.2999170049605153 103.76596208452312 75.14085799691911 10.0 37.0
1.299940106891513 103.76604896311758 75.22864653193075 10.0 38.0
1.299963208821016 103.76613584171629 75.2286465319309 10.0 39.0
1.299986310749024 103.7662227203192 75.22864653193028 10.0 40.0
1.3000094126755366 103.76630959892638 75.22864653193075 10.0 41.0
1.300032514600553 103.76639647753778 75.22864653193075 10.0 42.0
1.3000455373647313 103.76644557177241 75.26772557899099 5.6500000000000075 43.0
1.3000398638454425 103.76644550370351 145.1204469122178 4.611 44.0
1.3000556984471037 103.76643334714541 312.5727120771102 4.611 45.0
1.300116048000478 103.76640875466335 337.7272156260328 7.211 46.0
1.3001981548246793 103.76637528934744 337.7234538205865 9.811 47.0
1.3002818433595882 103.76634117934825 337.7234538205865 10.0 48.0
1.300365531891819 103.76630706934465 337.7234538205865 10.0 49.0
1.3004492223001471 103.76627296388959 337.7297279139289 10.0 50.0
1.3005329243866321 103.7662388867372 337.7460947052849 10.0 51.0
1.3006166807168087 103.76620484729008 337.84820636200675 10.0 52.0
1.3007004357167924 103.76617092166569 337.84820636200675 10.0 53.0
1.3007841907141127 103.76613699603685 337.84820636200675 10.0 54.0
1.3008679457087697 103.76610307040359 337.84820636200675 10.0 55.0
1.3009517007007643 103.76606914476592 337.8482063620062 10.0 56.0
