1.329201258146316 103.84048464435429 61.81101892542615 0.0 1.0
1.3292123955126476 103.84050526830366 61.81101892542615 2.6 2.0
1.3292338135247932 103.84054492974562 61.811018925426104 5.0 3.0
1.3292553921767403 103.84058450456193 61.57984749660829 5.0 4.0
1.329277192211573 103.84062395999622 61.26126196256086 5.0 5.0
1.3292989922463783 103.8406634154316 61.26126196256023 5.0 6.0
1.329320792281156 103.84070287086806 61.261261962561434 5.0 7.0
1.3293425923159072 103.84074232630559 61.26126196256023 5.0 8.0
1.3293643923506309 103.84078178174421 61.26126196256086 5.0 9.0
1.3293854610766314 103.840821607897 62.29961593779224 5.0 10.0
1.3294048173336397 103.8408623021312 64.7316745588049 5.0 11.0
1.3294241735905301 103.84090299636651 64.73167455880544 5.0 12.0
1.329443529847302 103.84094369060287 64.7316745588049 5.0 13.0
1.329462886103955 103.84098438484035 64.73167455880544 5.0 14.0
1.32948224236049 103.84102507907892 64.7316745588049 5.0 15.0
1.3295015986169063 103.84106577331858 64.7316745588049 5.0 16.0
1.3295209548732037 103.84110646755933 64.73167455880544 5.0 17.0
1.3295365594115078 103.8411487147198 69.87423674227891 5.0 18.0
1.3295520069950366 103.84119102684826 70.0890895021646 5.0 19.0
1.329567454578298 103.84123333897782 70.08908950216521 5.0 20.0
1.3295829021612908 103.84127565110843 70.08908950216521 5.0 21.0
1.329598349744017 103.84131796324014 70.08908950216521 5.0 22.0
1.3296137973264752 103.84136027537292 70.08908950216566 5.0 23.0
1.3296292449086662 103.84140258750678 70.0890895021646 5.0 24.0
1.329644692490589 103.84144489964171 70.08908950216521 5.0 25.0
1.3296601400722443 103.84148721177775 70.08908950216521 5.0 26.0
1.3296755876536313 103.84152952391484 70.08908950216521 5.0 27.0
1.3296910352347515 103.84157183605302 70.08908950216566 5.0 28.0
1.3297062035365812 103.84161422743544 70.455702508474 5.0 29.0
1.3297155744498375 103.84165826378116 78.08850979492259 5.0 30.0
1.3297249453625963 103.84170230012788 78.08850979492321 5.0 31.0
1.329734316274856 103.84174633647555 78.08850979492284 5.0 32.0
1.3297436871866177 103.84179037282424 78.08850979492321 5.0 33.0
1.3297530580978802 103.84183440917391 78.08850979492321 5.0 34.0
1.3297624290086443 103.84187844552456 78.08850979492284 5.0 35.0
1.32977179991891 103.84192248187622 78.08850979492321 5.0 36.0
1.329781170828677 103.84196651822886 78.08850979492321 5.0 37.0
1.3297905417379456 103.84201055458249 78.08850979492284 5.0 38.0
1.3297974566470192 103.84205496776892 81.23321582778014 5.0 39.0
1.3298018919953645 103.84209976140299 84.40811978584019 5.0 40.0
1.3298063273430323 103.8421445550379 84.40811978583953 5.0 41.0
1.3298107626900224 103.8421893486737 84.40811978583953 5.0 42.0
1.3298151980363353 103.84223414231036 84.40811978584019 5.0 43.0
1.3298196333819705 103.84227893594787 84.40811978583953 5.0 44.0
1.3298240687269287 103.84232372958627 84.40811978583953 5.0 45.0
1.329828504071209 103.84236852322553 84.4081197858394 5.0 46.0
1.3298329394148123 103.84241331686563 84.40811978584019 5.0 47.0
1.3298373747577377 103.84245811050663 84.40811978583953 5.0 48.0
1.329839123871063 103.84250303828992 87.81167950426688 5.0 49.0
1.3298392311852938 103.84254804805997 89.89113702375606 5.0 50.0
1.3298393384987022 103.84259305783075 89.89113702375606 5.0 51.0
1.3298394458112877 103.84263806760225 89.89113702375606 5.0 52.0
1.3298395531230502 103.84268307737447 89.89113702375606 5.0 53.0
1.3298396604339902 103.8427280871474 89.89113702375606 5.0 54.0
1.3298397677441072 103.8427730969211 89.89113702375606 5.0 55.0
1.329839875053401 103.84281810669547 89.8911370237567 5.0 56.0
1.3298399823618725 103.8428631164706 89.89113702375606 5.0 57.0
1.3298400896695213 103.84290812624643 89.89113702375606 5.0 58.0
1.3298401969763467 103.842953136023 89.89113702375606 5.0 59.0
1.3298403042823497 103.84299814580028 89.89113702375606 5.0 60.0
1.3298404115875297 103.84304315557829 89.89113702375606 5.0 61.0
1.329840518891887 103.843088165357 89.89113702375606 5.0 62.0
1.3298406261954212 103.84313317513644 89.89113702375606 5.0 63.0
1.3298407334981326 103.84317818491662 89.89113702375606 5.0 64.0
1.329840840800022 103.84322319469752 89.89113702375606 5.0 65.0
1.3298409481010873 103.84326820447913 89.89113702375606 5.0 66.0
1.3298410554013307 103.84331321426147 89.89113702375606 5.0 67.0
1.3298411627007511 103.84335822404454 89.89113702375606 5.0 68.0
1.3298412699993487 103.84340323382831 89.89113702375606 5.0 69.0
1.3298413772971236 103.84344824361281 89.89113702375606 5.0 70.0
1.3298414845940756 103.84349325339805 89.89113702375606 5.0 71.0
1.3298415918902045 103.843538263184 89.8911370237567 5.0 72.0
1.3298416991855109 103.84358327297068 89.89113702375606 5.0 73.0
1.329841806479994 103.84362828275806 89.89113702375606 5.0 74.0
1.329841913773655 103.84367329254617 89.89113702375606 5.0 75.0
1.329842021066493 103.84371830233502 89.89113702375606 5.0 76.0
1.3298421283585078 103.84376331212457 89.89113702375606 5.0 77.0
1.3298422356496997 103.84380832191485 89.89113702375606 5.0 78.0
1.3298425257728115 103.84385332873553 89.65987326084841 5.0 79.0
1.3298438995819368 103.84389831795126 88.28899887835607 5.0 80.0
1.329845273390281 103.84394330716776 88.28899887835611 5.0 81.0
1.329846647197843 103.84398829638504 88.28899887835611 5.0 82.0
1.3298480210046235 103.84403328560308 88.28899887835607 5.0 83.0
1.329849394810622 103.84407827482187 88.28899887835546 5.0 84.0
1.329850768615839 103.84412326404143 88.28899887835604 5.0 85.0
1.3298521424202743 103.84416825326176 88.28899887835611 5.0 86.0
1.3298535162239278 103.84421324248288 88.28899887835611 5.0 87.0
1.3298548900268 103.84425823170473 88.28899887835546 5.0 88.0
1.32985626382889 103.84430322092736 88.28899887835611 5.0 89.0
1.3298576376301987 103.84434821015076 88.28899887835604 5.0 90.0
1.329858129176117 103.84436430729507 88.28899887835546 1.7890000000000206 91.0
1.329858129176117 103.84436430729507 88.28899887835546 0.0 92.0
1.329858129176117 103.84436430729507 88.28899887835546 0.0 93.0
1.329858129176117 103.84436430729507 88.28899887835546 0.0 94.0
1.329858129176117 103.84436430729507 88.28899887835546 0.0 95.0
1.329858129176117 103.84436430729507 88.28899887835546 0.0 96.0
1.329858129176117 103.84436430729507 88.28899887835546 0.0 97.0
1.329858129176117 103.84436430729507 88.28899887835546 0.0 98.0
1.329858129176117 103.84436430729507 88.28899887835546 0.0 99.0
1.329858129176117 103.84436430729507 88.28899887835546 0.0 100.0
1.329858129176117 103.84436430729507 88.28899887835546 0.0 101.0
1.329858129176117 103.84436430729507 88.28899887835546 0.0 102.0
1.329858129176117 103.84436430729507 88.28899887835546 0.0 103.0
1.329858129176117 103.84436430729507 88.28899887835546 0.0 104.0
1.329858129176117 103.84436430729507 88.28899887835546 0.0 105.0
1.329858129176117 103.84436430729507 88.28899887835546 0.0 106.0
1.329858129176117 103.84436430729507 88.28899887835546 0.0 107.0
1.329858129176117 103.84436430729507 88.28899887835546 0.0 108.0
1.329858129176117 103.84436430729507 88.28899887835546 0.0 109.0
1.329858129176117 103.84436430729507 88.28899887835546 0.0 110.0
1.329858129176117 103.84436430729507 88.28899887835546 0.0 111.0
1.329858129176117 103.84436430729507 88.28899887835546 0.0 112.0
1.329858129176117 103.84436430729507 88.28899887835546 0.0 113.0
1.329858129176117 103.84436430729507 88.28899887835546 0.0 114.0
1.329858129176117 103.84436430729507 88.28899887835546 0.0 115.0
1.329858129176117 103.84436430729507 88.28899887835546 0.0 116.0
1.329858129176117 103.84436430729507 88.28899887835546 0.0 117.0
1.329858129176117 103.84436430729507 88.28899887835546 0.0 118.0
1.329858129176117 103.84436430729507 88.28899887835546 0.0 119.0
1.329858129176117 103.84436430729507 88.28899887835546 0.0 120.0
1.329858129176117 103.84436430729507 88.28899887835546 0.0 121.0
1.329858129176117 103.84436430729507 88.28899887835546 0.0 122.0
1.329858129176117 103.84436430729507 88.28899887835546 0.0 123.0
1.329858129176117 103.84436430729507 88.28899887835546 0.0 124.0
1.329858129176117 103.84436430729507 88.28899887835546 0.0 125.0
1.329858129176117 103.84436430729507 88.28899887835546 0.0 126.0
1.329858129176117 103.84436430729507 88.28899887835546 0.0 127.0
1.329858129176117 103.84436430729507 88.28899887835546 0.0 128.0
1.329858129176117 103.84436430729507 88.28899887835546 0.0 129.0
1.329858129176117 103.84436430729507 88.28899887835546 0.0 130.0
1.329858129176117 103.84436430729507 88.28899887835546 0.0 131.0
1.329858129176117 103.84436430729507 88.28899887835546 0.0 132.0
1.329858129176117 103.84436430729507 88.28899887835546 0.0 133.0
1.329858129176117 103.84436430729507 88.28899887835546 0.0 134.0
1.329858129176117 103.84436430729507 88.28899887835546 0.0 135.0
1.329858129176117 103.84436430729507 88.28899887835546 0.0 136.0
1.329858129176117 103.84436430729507 88.28899887835546 0.0 137.0
1.329858129176117 103.84436430729507 88.28899887835546 0.0 138.0
1.329858129176117 103.84436430729507 88.28899887835546 0.0 139.0
