537349471
1.4522995915341812 103.79085461844417 75.99138995417084
1.4523011867505706 103.7908609572393 75.99138995417051
1.4523031600849574 103.79086879853449 75.99138995417051
1.4523042778968365 103.7908732403022 75.99138995417051
1.4523054508718376 103.79087790126765 75.99138995417051
1.4523075497376805 103.79088624137827 75.99138995417051
1.4523096922120728 103.79089475477313 75.99138995417059
1.4523114593601336 103.79090177676109 75.99138995417059
1.4523128068574402 103.79090713121336 75.99138995417051
1.452314016459716 103.7909119377222 75.99138995417051
1.4523158670087066 103.79091929111459 75.99138995417051
1.4523179409594056 103.79092753222226 75.99138995417051
1.4523192853635214 103.79093287438359 75.99138995417091
1.452320920479809 103.79093937172686 75.99138995417051
1.4523226682613326 103.79094631675991 75.99138995417084
1.4523246082073982 103.79095402538341 75.99138995417051
1.4523260570309737 103.79095978246902 75.99138995417084
1.452327254866274 103.79096454222066 75.99138995417051
1.4523284636314557 103.79096934540365 75.99138995417051
1.4523298819050665 103.7909749810952 75.99138995417084
1.452331943634213 103.79098317363972 75.99138995417051
1.4523333608925582 103.7909888052971 75.99138995417051
1.4523354339915178 103.79099704302119 75.99138995417084
1.4523373058366078 103.79100448103736 75.99138995417098
1.4523391693575636 103.79101188597659 75.99138995417084
1.4523405020786375 103.79101718171455 75.99138995417084
1.4523419603207526 103.79102297622651 75.99138995417084
1.4523440517045796 103.79103128660833 75.99138995417084
1.4523460747990191 103.79103932563358 75.99138995417051
1.4523481342707398 103.79104750920877 75.99138995417084
1.45234944423723 103.79105271452877 75.99138995417084
1.4523511421516662 103.79105946140982 75.99138995417084
1.4523523278838224 103.79106417306885 75.99138995417084
1.4523535208290994 103.79106891339016 75.99138995417084
1.4523550953703044 103.79107517003199 75.99138995417051
1.4523566281027642 103.79108126054145 75.99138995417051
1.4523581506545125 103.79108731059661 75.99138995417084
1.452360305424281 103.79109587285144 75.99138995417084
1.452362063782834 103.79110285991543 75.99138995417051
1.4523634807908739 103.79110849057928 75.99138995417084
1.4523653848551092 103.79111605662371 75.99138995417098
1.4523672093534634 103.79112330650291 75.99138995417051
1.4523693541454727 103.79113182911036 75.99138995417084
1.4523708601481415 103.7911378134061 75.99138995417051
1.4523729431854537 103.79114609062349 75.99138995417084
1.4523741623669781 103.79115093519854 75.99138995417051
1.4523754253566759 103.79115595385106 75.99138995417051
1.452377191305576 103.79116297107694 75.99138995417084
1.452379262597489 103.79117120162279 75.99138995417084
1.4523807721281812 103.79117719993795 75.99138995417051
1.452382924425169 103.79118575236811 75.99138995417084
1.4523849296630293 103.79119372043996 75.99138995417051
1.4523861514841099 103.79119857550401 75.99138995417051
1.4523875377435957 103.79120408398535 75.99138995417084
1.4523890834261322 103.79121022595488 75.99138995417084
1.4523912710002842 103.79121891856389 75.99138995417084
1.452392535405326 103.79122394284101 75.99138995417067
1.4523942082262211 103.79123059001145 75.99138995417067
1.4523961121418445 103.79123815546681 75.99138995417084
1.4523972629533095 103.7912427283653 75.99138995417051
1.4523986378081877 103.79124819152936 75.99138995417084
1.4524004915294175 103.791255557531 75.99138995417051
1.4524023854520522 103.79126308327824 75.99138995417051
1.452404173949171 103.7912701901036 75.99138995417051
1.4524061105724055 103.79127788552736 75.99138995417084
1.452407896049224 103.79128498035134 75.99138995417051
1.45241004462918 103.79129351801286 75.99138995417051
1.4524120648849268 103.7913015457616 75.99138995417084
1.4524139530870286 103.7913090487781 75.99138995417051
1.4524151424190237 103.79131377474344 75.99138995417051
1.4524167391187033 103.79132011943729 75.99138995417051
1.4524188970449758 103.79132869423812 75.99138995417067
1.452420194189427 103.79133384861042 75.99138995417051
1.4524217284897547 103.79133994535252 75.99138995417084
1.452423536691093 103.79134713047604 75.99138995417084
1.4524254464159114 103.79135471901641 75.99138995417051
1.4524268553531248 103.79136031761206 75.99138995417051
1.4524284701103392 103.79136673406035 75.99138995417084
1.4524303491615045 103.79137420071518 75.99138995417084
1.4524325116205945 103.7913827935285 75.99138995417051
1.4524345579204403 103.791390924768 75.99138995417084
1.4524360584671026 103.79139688738606 75.99138995417051
1.4524380621357333 103.79140484922505 75.99138995417084
1.452439188550122 103.79140932517977 75.99138995417051
1.4524409927063229 103.7914164942302 75.99138995417051
1.452442463740059 103.79142233957505 75.99138995417084
1.4524437735013638 103.79142754408284 75.99138995417051
1.4524452755376764 103.79143351262059 75.99138995417084
1.4524466651158456 103.79143903429122 75.99138995417051
1.452448809204783 103.79144755410923 75.99138995417034
1.4524509675027106 103.7914561303886 75.99138995417084
1.4524525926199272 103.79146258800469 75.99138995417084
1.4524541073187678 103.79146860685898 75.99138995417051
1.4524558728842212 103.7914756225647 75.99138995417034
1.452457358682005 103.79148152657697 75.99138995417084
1.452459088039486 103.79148839840572 75.99138995417098
1.4524609393742596 103.7914957549273 75.99138995417051
1.452462952489403 103.79150375430449 75.99138995417084
1.452464229851691 103.79150883007122 75.99138995417084
1.4524660451784723 103.79151604351055 75.99138995417084
1.4524672027296837 103.79152064319233 75.99138995417084
1.4524690523581678 103.79152799293414 75.99138995417067
1.4524703394664025 103.79153310742785 75.99138995417084
1.4524714715738642 103.79153760600568 75.99138995417084
1.452472998388638 103.79154367300494 75.99138995417084
1.4524750991755584 103.7915520207581 75.99138995417084
1.452476732336178 103.79155851033671 75.99138995417084
1.4524785694182947 103.79156581022431 75.99138995417051
1.4524804514107172 103.79157328856901 75.99138995417084
1.4524822357088605 103.7915803787127 75.99138995417084
1.4524838330928205 103.79158672612836 75.99138995417051
1.4524860051773276 103.79159535719243 75.99138995417051
1.45248739320737 103.79160087271282 75.99138995417084
1.45248905152037 103.79160746223823 75.99138995417067
1.452490900465909 103.79161480926729 75.99138995417084
1.4524922074825664 103.79162000287047 75.99138995417084
1.452494335103659 103.79162845725376 75.99138995417084
1.4524963645450386 103.79163652150713 75.99138995417051
1.4524975251687218 103.79164113339867 75.99138995417051
1.4524991621188856 103.79164763803647 75.99138995417051
1.4525010033728338 103.79165495450243 75.99138995417051
1.452502480119481 103.79166082255053 75.99138995417098
1.4525045022431424 103.79166885772636 75.99138995417084
1.4525057906366488 103.79167397732844 75.99138995417051
1.4525070697354423 103.79167905999678 75.99138995417051
1.4525089358635603 103.79168647530393 75.99138995417051
1.4525110433379258 103.79169484963244 75.99138995417051
1.4525129909562677 103.79170258875197 75.99138995417067
1.4525142633887855 103.79170764493122 75.99138995417084
1.4525158394539006 103.79171390763489 75.99138995417051
1.452517042469072 103.79171868797519 75.99138995417051
1.452518752562412 103.7917254832579 75.99138995417098
1.4525208550233453 103.79173383766542 75.99138995417051
1.4525226510491898 103.79174097441252 75.99138995417084
1.4525238480524902 103.79174573086405 75.99138995417051
1.4525260385946082 103.79175443527411 75.99138995417067
1.4525280005552774 103.79176223138552 75.99138995417084
1.4525297146369869 103.79176904251705 75.99138995417084
1.4525310463587926 103.7917743342907 75.99138995417084
1.4525331615547656 103.79178273930322 75.99138995417084
1.452534405238558 103.79178768124623 75.99138995417084
1.452536185837245 103.79179475669207 75.99138995417084
1.4525381755699762 103.79180266315997 75.99138995417084
1.4525400262504446 103.79181001708528 75.99138995417084
1.452541899297357 103.79181745988673 75.99138995417084
1.452543636805001 103.79182436410491 75.99138995417051
1.4525452524666878 103.791830784152 75.99138995417084
1.4525465516371867 103.79183594657923 75.99138995417084
1.452548483490812 103.7918436230573 75.99138995417067
1.4525500785635972 103.79184996129186 75.99138995417051
1.4525512850311977 103.79185475535189 75.99138995417084
1.45255300776557 103.79186160086691 75.99138995417051
1.4525548280350093 103.79186883395064 75.99138995417098
1.4525566490636068 103.79187607005106 75.99138995417084
1.452558630104385 103.79188394198135 75.99138995417084
1.452559809662207 103.79188862911207 75.99138995417051
1.4525611572139714 103.79189398378917 75.99138995417051
1.4525631303502193 103.79190182430999 75.99138995417067
1.45256465985258 103.79190790199227 75.99138995417067
1.452566026614241 103.79191333300264 75.99138995417051
1.4525677087668494 103.79192001726125 75.99138995417084
1.4525691275720187 103.7919256550736 75.99138995417051
1.4525708452182757 103.7919324803711 75.99138995417084
1.4525723672214002 103.79193852825446 75.99138995417051
1.4525738714985392 103.7919445057013 75.99138995417084
1.4525759965237148 103.79195241271033 75.82513242472105
1.4525779902453508 103.79195878686082 75.34574240351448
1.4525800849891726 103.79196548399057 74.84191691458578
1.4525816828931974 103.79197059266808 74.45753846970173
1.452583293442144 103.79197574177286 74.07011117412935
1.4525847280947812 103.79198032851752 73.7250194727183
1.4525862689662152 103.79198525485558 73.35443137624588
1.4525884608422217 103.791992262528 72.82742822318569
1.4525898534498385 103.79199671485014 72.76592389936253
1.4525912011761997 103.7920010236819 72.76592389936253
1.452592675655283 103.79200573775633 72.76592389936222
1.452595231816427 103.79201391008924 72.7659238993624
1.4525971963932132 103.7920201910609 72.76592389936253
1.452599169244341 103.79202649848659 72.76592389936272
1.4526012800575134 103.79203324699243 72.76592389936253
1.4526039295916597 103.7920417178496 72.76592389936253
1.452606239931966 103.79204910426616 72.76592389936253
1.4526080669647525 103.79205494549453 72.7659238993624
1.4526104707918552 103.792062630799 72.76592389936253
1.4526126403220112 103.79206956702993 72.76592389936272
1.4526149753053466 103.79207703223328 72.76592389936253
1.4526172674447244 103.79208436045977 72.76592389936272
1.4526198084578885 103.79209248436374 72.76592389936253
1.4526215363067625 103.79209800849034 72.7659238993624
1.4526229001463618 103.79210236883851 72.76592389936272
1.4526250098388982 103.79210911376222 72.76592389936272
1.4526272096243393 103.79211614672313 72.76592389936272
1.4526290618830395 103.79212206860208 72.76592389936272
1.4526304956830334 103.79212665262163 72.76592389936235
1.4526325415185275 103.79213319338741 72.76592389936272
1.4526350121333258 103.79214109222042 72.76592389936253
1.4526370702358191 103.79214767220529 72.76592389936253
1.4526384270172652 103.79215200998804 72.76592389936253
1.4526402446057152 103.79215782102258 72.76592389936253
1.4526417239320266 103.7921625505951 72.76592389936253
1.4526442904946293 103.79217075618432 72.76592389936235
1.4526464921957984 103.79217779527058 72.76592389936253
1.452648311988901 103.79218361335384 72.76592389936253
1.4526505521220523 103.79219077531158 72.76592389936253
1.452653089536634 103.79219888771158 72.76592389936272
1.4526546842293413 103.79220398612371 72.76592389936272
1.4526565434713776 103.79220993032986 72.76592389936253
1.4526579058935511 103.79221428614697 72.7659238993624
1.4526595798884296 103.79221963809718 72.7659238993624
1.4526611862011771 103.79222477366002 72.7659238993624
1.452663478606103 103.79223210273689 72.76592389936253
1.4526653347863203 103.79223803715428 72.76592389936253
1.4526669950814937 103.79224334530514 72.76592389936272
1.4526693169233142 103.79225076849526 72.76592389936253
1.4526719979459155 103.79225934002694 72.76592389936272
1.4526743638729347 103.79226690416259 72.76592389936253
1.4526766048154798 103.79227406870882 72.76592389936253
1.4526784049833947 103.79227982404888 72.76592389936222
1.452680215922912 103.792285613827 72.76592389936253
1.452682260609962 103.79229215092244 72.76592389936222
1.452684191605122 103.7922983245321 72.76592389936253
1.4526858344988312 103.79230357704894 72.76592389936272
1.4526884245279181 103.79231185766464 72.7659238993624
1.4526900664984606 103.79231710723009 72.76592389936253
1.4526914763897567 103.79232161481198 72.76592389936253
1.452692997885646 103.79232647920641 72.76592389936253
1.4526950035529413 103.7923328915516 72.76592389936272
1.452697099856677 103.79233959367183 72.76592389936253
1.4526984498121502 103.79234390963224 72.76592389936253
1.452700168033281 103.79234940297967 72.76592389936253
1.4527020381635767 103.79235538199794 72.76592389936253
1.4527037360495583 103.79236081033167 72.76592389936272
1.452705915839731 103.79236777936771 72.76592389936253
1.4527085378383813 103.79237616219446 72.76592389936222
1.4527111890967683 103.79238463856794 72.76592389936253
1.4527128526287876 103.7923899570684 72.76592389936253
1.4527147283947985 103.79239595410498 72.76592389936253
1.4527173445569694 103.79240431827212 72.76592389936253
1.4527188701115692 103.79240919564323 72.76592389936272
1.4527209467541866 103.79241583490528 72.76592389936272
1.4527226337031762 103.79242122827263 72.76592389936253
1.452725195270218 103.79242941789323 72.76592389936272
1.4527268268665487 103.79243463429194 72.76592389936253
1.4527294336977588 103.79244296862736 72.76592389936253
1.4527320529811198 103.7924513427738 72.76592389936253
1.4527339723004318 103.79245747905574 72.76592389936253
1.4527366351087556 103.7924659923566 72.76592389936272
1.4527386816748291 103.79247253546102 72.76592389936222
1.452740766377578 103.79247920049276 72.76592389936222
1.452743288435445 103.79248726379865 72.7659238993624
1.4527450548178313 103.7924929111241 72.76592389936235
1.452746459644754 103.79249740251566 72.76592389936253
1.4527486167663304 103.79250429907886 72.76592389936272
1.4527506452344607 103.7925107843224 72.76592389936253
1.4527531167969663 103.79251868618918 72.76592389936222
1.4527556863769275 103.79252690142904 72.76592389936253
1.45275833703058 103.7925353758708 72.76592389936253
1.4527609365074423 103.79254368669463 72.76592389936222
1.452763227600655 103.79255101158084 72.76592389936253
1.4527651042340297 103.79255701139174 72.76592389936253
1.4527667270582922 103.79256219974602 72.76592389936253
1.452768602380401 103.79256819536475 72.76592389936253
1.452770261134287 103.79257349859022 72.76592389936272
1.4527727738784149 103.79258153212 72.76592389936272
1.4527753081203465 103.79258963438079 72.76592389936272
1.4527771289941316 103.79259545592222 72.7659238993624
1.4527795148801232 103.79260308387228 72.7659238993624
1.4527819618743039 103.79261090719227 72.76592389936253
1.452784015266712 103.79261747212247 72.76592389936253
1.4527857174831764 103.7926229143031 72.76592389936222
1.4527874983026732 103.79262860778665 72.76592389936253
1.4527891683207237 103.79263394702535 72.76592389936253
1.4527912342342788 103.7926405519873 72.76592389936272
1.4527931558406395 103.79264669558269 72.7659238993624
1.4527947024063275 103.79265164013017 72.76592389936253
1.4527978188908417 103.79265949293377 71.96611042279117
1.4528010666704545 103.79266756839719 71.0909759051034
1.4528035555805239 103.79267375696439 70.42011753816485
1.4528064281089206 103.79268089938202 69.64590043090962
1.4528086846326305 103.79268651013066 69.03791805862247
1.4528111305982678 103.79269259191852 68.37927159175646
1.4528143733433498 103.79270065486409 68.24814663003069
1.4528168187218435 103.7927067351921 68.24814663003043
1.4528201517671238 103.79271502266533 68.24814663003069
1.4528233483139112 103.79272297074102 68.24814663003093
1.4528253142620438 103.79272785898627 68.24814663003069
1.45282785190399 103.79273416872358 68.24814663003093
1.4528305496980667 103.79274087667228 68.24814663003069
1.452832312550664 103.79274525992933 68.24814663003043
1.4528341265682194 103.79274977040585 68.24814663003093
1.4528362681611653 103.7927550953845 68.24814663003069
1.4528381749940882 103.7927598366425 68.24814663003099
1.4528411267244445 103.79276717599302 68.24814663003062
1.4528429929118565 103.79277181618775 68.24814663003069
1.45284597720399 103.79277923650183 68.24814663003069
1.4528489406237983 103.79278660491784 68.24814663003069
1.4528516850753923 103.79279342887882 68.24814663003069
1.4528546370368776 103.79280076880431 68.24814663003069
1.4528579475958476 103.79280900036709 68.24814663003093
1.452859774561409 103.79281354303858 68.24814663003069
1.4528631283950848 103.79282188220218 68.24814663003069
1.4528663161775444 103.7928298084866 68.24814663003069
1.4528694240806181 103.79283753615445 68.24814663003062
1.4528726103052982 103.79284545856565 68.24814663003069
1.452874878840475 103.79285109918125 68.24814663003038
1.452877349957472 103.79285724350794 68.24814663003069
1.4528795663993748 103.7928627545959 68.24814663003075
1.4528813138709873 103.79286709960934 68.24814663003069
1.4528833951513054 103.79287227462387 68.24814663003069
1.4528857185869704 103.79287805174734 68.24814663003099
1.4528888117289236 103.79288574271267 68.24814663003043
1.4528912325260859 103.79289176192142 68.24814663003069
1.4528934111748675 103.79289717903862 68.24814663003069
1.452895784869688 103.79290308112951 68.24814663003069
1.4528985645770085 103.79290999275318 68.24814663003069
1.4529002475937194 103.79291417750245 68.24814663003069
1.4529022043517397 103.79291904289785 68.24814663003069
1.4529055540294455 103.79292737172871 68.24814663003069
1.4529086537785787 103.79293507912291 68.24814663003093
1.4529117271926288 103.79294272103608 68.24814663003069
1.4529140137481251 103.79294840645902 68.24814663003069
1.4529172065219178 103.79295634515525 68.24814663003069
1.4529201665456994 103.7929637051285 68.24814663003093
1.4529233581300744 103.79297164086742 68.24814663003069
1.4529260124563994 103.79297824073707 68.24814663003093
1.452928454433666 103.79298431260985 68.24814663003069
1.4529306849123111 103.7929898586003 68.24814663003069
1.4529333047680062 103.79299637276031 68.24814663003069
1.452935432893047 103.79300166425294 68.24814663003069
1.4529386748045523 103.79300972512843 68.24814663003069
1.4529404792002552 103.79301421168186 68.24814663003069
1.4529427556677073 103.79301987202173 68.24814663003093
1.452945220813588 103.79302600150254 68.24814663003069
1.4529472380338628 103.79303101723535 68.24814663003099
1.4529491707674138 103.7930358228955 68.24814663003069
1.4529510597757798 103.79304051983488 68.24814663003069
1.452953279718727 103.79304603962909 68.24814663003069
1.452956557693817 103.79305419017552 68.24814663003093
1.4529592830309463 103.7930609666111 68.24814663003069
1.4529625441437732 103.79306907523036 68.24814663003069
1.4529655759745321 103.7930766137495 68.24814663003069
1.4529681131306835 103.79308292228119 68.24814663003062
1.452970334185287 103.79308844483974 68.24814663003093
1.4529735179729815 103.79309636119355 68.24814663003069
1.4529764014796063 103.79310353091121 68.24814663003099
1.4529786051240856 103.79310901018033 68.24814663003069
1.4529815232184975 103.79311626589916 68.24814663003069
1.4529840794290032 103.79312262180893 68.24814663003069
1.4529861097919565 103.79312767022094 68.24814663003043
1.4529887915624593 103.79313433833045 68.24814663003069
1.4529912974597874 103.79314056913874 68.24814663003075
1.4529940690740226 103.79314746064102 68.24814663003069
1.452996371729265 103.7931531860965 68.24814663003062
1.4529996867883024 103.79316142885152 68.24814663003069
1.4530029879464852 103.79316963704271 68.24814663003062
1.4530063396562585 103.7931779709284 68.24814663003099
1.4530087686119582 103.79318401042485 68.24814663003099
1.4530117092392714 103.79319132217135 68.24814663003069
1.4530139749885607 103.793196955862 68.24814663003069
1.4530166933394724 103.79320371492763 68.24814663003069
1.4530194792784246 103.79321064204814 68.24814663003093
1.4530226307311909 103.79321847800351 68.24814663003069
1.4530249331472236 103.79322420286464 68.24814663003043
1.4530271152272882 103.79322962851543 68.24814663003093
1.4530299662438753 103.79323671744896 68.24814663003038
1.4530318515555798 103.79324140519769 68.24814663003116
1.453035043327684 103.79324934140567 68.24814663003069
1.4530382288269228 103.79325726201648 68.24814663003099
1.4530399860256373 103.79326163121773 68.24814663003069
1.453041967477601 103.79326655801533 68.24814663003086
1.4530440089518228 103.79327163405581 68.24814663003099
1.4530466930356423 103.79327830791829 68.24814663003069
1.4530498461887829 103.79328614810211 68.24814663003038
1.4530523393593175 103.79329234726676 68.24814663003069
1.4530548521340139 103.79329859517635 68.24814663003038
1.453057863945053 103.79330608391909 68.24814663003069
1.4530612141838615 103.79331441414847 68.24814663003069
1.4530631117294175 103.79331913231654 68.24814663003069
1.453065736269708 103.79332565812685 68.24814663003038
1.4530677849365992 103.79333075205189 68.24814663003069
1.4530694868085399 103.79333498368575 68.24814663003069
1.4530714991885443 103.79333998738501 68.24814663003099
1.453074011167033 103.79334623331519 68.24814663003069
1.4530762539079538 103.79335159710189 68.1474246910265
1.4530793483996236 103.79335744267998 67.27126689843641
1.4530825493669421 103.79336348939347 66.3639795162203
1.453085126948829 103.7933683585151 65.63296397584509
1.4530875712626516 103.7933729758898 64.93963013109475
1.4530917547937299 103.7933808786928 63.75329851296671
1.453094024099787 103.79338516547314 63.11026507714125
1.4530961847969928 103.79338924708846 62.49850955804172
1.453098992939287 103.79339455174502 62.28620302585714
1.4531012850251404 103.79339888155707 62.28620302585771
1.4531039582996113 103.79340393144473 62.28620302585771
1.4531063976526284 103.79340853944846 62.28620302585771
1.4531096566400348 103.79341469576372 62.28620302585771
1.4531131477485597 103.79342129056208 62.28620302585771
1.453116633436261 103.79342787512037 62.28620302585714
1.4531194196119603 103.79343313828163 62.28620302585771
1.4531218589834176 103.79343774632034 62.28620302585714
1.4531244473470686 103.7934426358093 62.28620302585771
1.4531267171503481 103.79344692352913 62.28620302585714
1.453130555120452 103.79345417355859 62.28620302585714
1.453132984943549 103.79345876356022 62.28620302585771
1.4531363057878501 103.79346503672511 62.28620302585771
1.4531393740583003 103.79347083277113 62.28620302585771
1.453142375461244 103.79347650250268 62.28620302585714
1.453144820099069 103.79348112048984 62.28620302585714
1.4531486677852687 103.79348838887348 62.28620302585771
1.4531510054296222 103.7934928047471 62.28620302585714
1.4531532238373337 103.79349699537951 62.28620302585714
1.4531564131405719 103.79350302005994 62.28620302585771
1.4531590192172945 103.79350794300966 62.28620302585771
1.4531613258720202 103.79351230034311 62.28620302585771
1.4531648553475465 103.79351896761831 62.28620302585771
1.453167579495709 103.79352411360829 62.28620302585714
1.4531700861424992 103.79352884873224 62.28620302585714
1.4531723284590727 103.79353308452924 62.28620302585771
1.453175867371802 103.7935397696317 62.28620302585714
1.453179551843013 103.79354672969814 62.28620302585652
1.453183530707808 103.79355424588212 62.28620302585714
1.4531863273219126 103.79355952876236 62.28620302585771
1.453189148140149 103.79356485736487 62.28620302585714
1.4531920854754838 103.79357040607141 62.28620302585833
1.4531955829677694 103.79357701292973 62.28620302585771
1.4531992641551992 103.79358396679324 62.28620302585771
1.4532020830280241 103.79358929172092 62.28620302585652
1.4532045133332923 103.79359388263393 62.28620302585714
1.453208234069964 103.79360091120714 62.28620302585714
1.4532124184614956 103.79360881563706 62.28620302585771
1.4532151177498633 103.79361391466657 62.286203025857745
1.453217869073798 103.79361911199271 62.28620302585714
1.4532212440165324 103.79362548735185 62.28620302585771
1.4532239041205761 103.79363051236116 62.28620302585714
1.4532277780273588 103.7936378302771 62.28620302585714
1.4532313358538433 103.79364455110876 62.28620302585714
1.4532343081497454 103.79365016585712 62.28620302585714
1.4532368300954435 103.79365492988163 62.28620302585714
1.4532395604246202 103.79366008754828 62.28620302585714
1.4532426035810455 103.7936658361542 62.28620302585771
1.453246252368795 103.79367272881433 62.28620302585714
1.453249512773504 103.79367888780827 62.28620302585714
1.453252598247063 103.7936847163525 62.286203025857745
1.4532548291976135 103.79368893067935 62.28620302585771
1.4532584339391226 103.79369574013506 62.28620302585714
1.453261234528165 103.7937010305247 62.28620302585771
1.4532643204107982 103.79370685984179 62.28620302585771
1.4532668125347081 103.79371156753236 62.28620302585771
1.4532696071610944 103.79371684665844 62.286203025857745
1.4532723969314905 103.79372211661146 62.28620302585714
1.453275142505644 103.79372730307658 62.28620302585771
1.4532778102724802 103.79373234256155 62.28620302585771
1.4532806723981333 103.7937377491957 62.28620302585714
1.4532841774116667 103.79374437026279 62.28620302585771
1.4532870090117114 103.79374971923329 62.28620302585714
1.4532912151676773 103.79375766477783 62.28620302585714
1.4532935308740837 103.79376203921107 62.28620302585714
1.4532961103093156 103.79376691183536 62.28620302585714
1.453299719970962 103.79377373058578 62.28620302585771
1.4533022545075842 103.7937785183954 62.28620302585771
1.4533054539838444 103.79378456229438 62.28620302585714
1.45330797154252 103.79378931803222 62.28620302585771
1.4533119938712364 103.79379691632228 62.28620302585771
1.4533161468364115 103.79380476138826 62.28620302585714
1.4533195989862577 103.79381128259475 62.28620302585771
1.453323078831187 103.79381785611807 62.28620302585714
1.4533265576688394 103.79382442773863 62.28620302585771
1.4533300793293 103.79383108025272 62.28620302585714
1.4533326053242235 103.79383585192706 62.28620302585714
1.453335750328932 103.79384179292806 62.28620302585714
1.453339207514125 103.79384832364667 62.28620302585771
1.4533423008581707 103.79385416705931 62.286203025857745
1.4533457242738055 103.79386063398633 62.28620302585714
1.4533488038366533 103.79386645136597 62.28620302585771
1.4533514159307637 103.79387138568421 62.28620302585771
1.4533554144725518 103.79387893904064 62.28620302585714
1.4533588422826358 103.79388541426904 62.28620302585771
1.4533624855984457 103.79389229659378 62.28620302585714
1.4533646775237512 103.7938964372016 62.28620302585652
1.4533675180384062 103.79390180301273 62.28620302585714
1.4533713531849446 103.79390904771113 62.28620302585714
1.4533749275982968 103.79391579987737 62.28620302585771
1.4533772949753552 103.79392027191851 62.28620302585833
1.453380120581079 103.79392560956634 62.28620302585771
1.4533834396677707 103.7939318794135 62.28620302585771
1.453386415393772 103.79393750064277 62.28620302585714
1.4533899946448299 103.79394426194773 62.28620302585771
1.4533935768957074 103.79395102891947 62.28620302585771
1.4533969805419527 103.7939574585021 62.28620302585771
1.4533993440210389 103.79396192318002 62.286203025857745
1.4534033121463596 103.79396941907945 62.28620302585833
1.453405789441445 103.793974098759 62.28620302585771
1.4534097492912699 103.79398157902587 62.28620302585771
1.453412913124588 103.79398755559535 62.28620302585771
1.453416690166013 103.7939946905321 62.28620302585771
1.4534194620729448 103.79399992674178 62.28620302585714
1.4534229608914522 103.79400653610773 62.28620302585714
1.4534255291914677 103.79401138769829 62.28620302585771
1.4534289575370416 103.79401786393899 62.286203025857745
1.4534329541399762 103.79402541363378 62.28620302585714
1.4534370630846647 103.79403317554534 62.28620302585833
1.4534402685447425 103.79403898921143 62.142721713764786
1.4534429352476044 103.79404379132258 62.00290186739854
1.4534464693972202 103.79405015550341 61.8175952597753
1.453449786058071 103.79405612803765 61.643690227380944
1.453453237608917 103.79406234347739 61.46271382267402
1.453457384081987 103.79406981031038 61.24530725790346
1.4534602375329466 103.7940749487115 61.14150322332418
1.4534629225087943 103.79407978372817 61.14150322332481
1.453465615368907 103.79408463294257 61.14150322332361
1.4534698281461644 103.7940922191741 61.14150322332474
1.4534741815060641 103.79410005856231 61.14150322332418
1.4534764865251053 103.79410420936527 61.14150322332418
1.4534798199027823 103.79411021200289 61.14150322332418
1.4534832256544647 103.79411634496928 61.14150322332537
1.45348579747181 103.79412097621397 61.14150322332418
1.453489012920217 103.79412676648849 61.14150322332481
1.4534921659552822 103.79413244437112 61.14150322332537
1.4534944227210265 103.79413650828123 61.14150322332481
1.453496827549894 103.79414083881859 61.14150322332418
1.4535000452184164 103.79414663309112 61.14150322332537
1.4535043467872408 103.79415437921598 61.14150322332481
1.4535068325013392 103.79415885540891 61.14150322332418
1.4535091330739527 103.7941629982051 61.14150322332474
1.4535129029708187 103.79416978691253 61.14150322332418
1.4535157433775938 103.7941749018245 61.14150322332418
1.4535187636322138 103.79418034060068 61.14150322332418
1.453521018737009 103.79418440151994 61.14150322332481
1.453525098012567 103.79419174734657 61.14150322332474
1.4535276027202908 103.79419625774273 61.14150322332537
1.4535319415761259 103.79420407101317 61.14150322332537
1.453534299061645 103.79420831629639 61.14150322332474
1.453536677107709 103.79421259860442 61.14150322332537
1.453540685118242 103.79421981609947 61.14150322332422
1.4535432256654242 103.79422439103426 61.14150322332474
1.453546274073231 103.794229880508 61.14150322332537
1.4535498867005332 103.79423638600986 61.14150322332481
1.4535523388973992 103.79424080184633 61.14150322332474
1.4535546221777471 103.79424491350345 61.14150322332481
1.4535586029051506 103.79425208186812 61.14150322332537
1.453561599220565 103.79425747753568 61.14150322332481
1.453563847464779 103.7942615261009 61.14150322332481
1.4535675851259335 103.79426825675986 61.14150322332418
1.453571749897007 103.79427575654454 61.14150322332474
1.45357403056843 103.79427986350369 61.14150322332418
1.4535771935655402 103.79428555932637 61.14150322332418
1.4535804677429724 103.79429145535899 61.14150322332481
1.4535837687906747 103.79429739977874 61.14150322332418
1.453587737445197 103.79430454640327 61.14150322332481
1.453590109163215 103.79430881731629 61.14150322332474
1.4535923700626883 103.79431288867087 61.14150322332418
1.45359550807156 103.79431853949568 61.14150322332418
1.4535982172748707 103.79432341814133 61.14150322332474
1.4536021455870969 103.7943304921189 61.14150322332418
1.4536046990704394 103.79433509034914 61.14150322332418
1.4536070172900282 103.794339264924 61.14150322332481
1.4536106311634656 103.79434577267047 61.14150322332481
1.4536149066825845 103.79435347188713 61.14150322332422
1.4536178223112661 103.79435872225706 61.14150322332481
1.453621491256131 103.79436532917447 61.14150322332481
1.4536252500307614 103.79437209785446 61.14150322332418
1.4536291706408864 103.79437915796264 61.14150322332418
1.4536323973253833 103.79438496847196 61.14150322332418
1.4536359042757476 103.79439128367504 61.14150322332481
1.4536392451548767 103.79439729982242 61.14150322332418
1.453642294147343 103.79440279034975 61.14150322332418
1.4536466256299103 103.79441059034394 61.14150322332422
1.4536507267753207 103.79441797555445 61.14150322332418
1.4536543502270485 103.79442450054961 61.14150322332481
1.4536578353663934 103.79443077647632 61.14150322332481
1.45366035391068 103.7944353117898 61.14150322332481
1.453662986509597 103.79444005248918 61.14150322332474
1.4536657330754614 103.7944449984166 61.14150322332481
1.4536689240463905 103.7944507446144 61.14150322332474
1.45367253995094 103.79445725601899 61.14150322332418
1.4536759298257513 103.79446336039658 61.14150322332474
1.4536796665674572 103.79447008940092 61.14150322332481
1.4536835255774223 103.79447703858204 61.14150322332418
1.453686613766689 103.79448259969408 61.14150322332474
1.4536899094830478 103.79448853451424 61.14150322332418
1.4536926846035323 103.7944935318621 61.14150322332537
1.4536967420515847 103.79450083838431 61.14150322332474
1.4537003750699238 103.79450738060716 61.14150322332481
1.4537027932114601 103.79451173511886 61.14150322332418
1.4537070106006034 103.79451932965797 61.14150322332537
1.453710140628427 103.79452496611171 61.14150322332481
1.4537132429526458 103.79453055267773 61.14150322332481
1.453716534014654 103.79453647911673 61.14150322332418
1.453720198266519 103.7945430775841 61.14150322332474
1.4537241811569985 103.7945502498457 61.14150322332418
1.4537283591575099 103.79455777345525 61.14150322332481
1.4537322284364627 103.79456474112895 61.14150322332481
1.453735151551343 103.7945700049807 61.14150322332418
1.4537374584374811 103.79457415914747 61.14150322332481
1.4537397988816014 103.79457837374439 61.14150322332418
1.453742488300758 103.7945832167644 61.14150322332481
1.4537451701384305 103.79458804613193 61.14150322332481
1.453748140835146 103.79459339566763 61.14150322332418
1.4537517312854586 103.79459986123582 61.14150322332481
1.4537542033533972 103.79460431285679 61.14150322332481
1.4537567086943377 103.79460882439474 61.14150322332474
1.4537593569139833 103.79461359322411 61.14150322332481
1.4537627638564536 103.79461972833737 61.14150322332418
1.4537650192256601 103.79462378973423 61.14150322332474
1.4537682217202166 103.79462955668423 61.14150322332481
1.4537705067083817 103.79463367141803 61.14150322332481
1.4537744516082098 103.79464077526782 61.14150322332537
1.4537787377578009 103.79464849362934 61.14150322332474
1.4537828981026382 103.79465598544573 61.14150322332418
1.4537854907849657 103.79466049723202 61.04469386131847
1.4537892982774863 103.79466654338151 60.54505468716257
1.4537935256586032 103.79467325629774 59.99014471809451
1.4537961309067717 103.79467739333015 59.64811905631818
1.4538003253150262 103.7946840538868 59.09746163652723
1.4538050504673368 103.79469155724436 58.47723549788193
1.4538086215903085 103.79469722804836 58.008649672505136
1.4538133312107697 103.79470470674202 57.99526600645038
1.4538160760301417 103.79470906540817 57.99526600645038
1.4538202759299559 103.79471573468538 57.99526600645094
1.4538227360489964 103.79471964125855 57.99526600645094
1.4538266924891454 103.79472592393132 57.99526600645038
1.4538297935474513 103.79473084829108 57.99526600645107
1.4538329156512 103.79473580607024 57.99526600645038
1.4538354016566986 103.79473975375015 57.99526600645094
1.453838518181377 103.79474470266996 57.99526600645094
1.4538419018190065 103.79475007575476 57.99526600645163
1.4538456952222045 103.79475609953137 57.99526600645038
1.453848453028369 103.79476047882021 57.99526600645038
1.4538517169790055 103.7947656618468 57.99526600645094
1.4538545706533639 103.79477019337064 57.99526600645107
1.453858316803607 103.79477614211147 57.99526600645038
1.4538611016899934 103.79478056440273 57.99526600645038
1.4538647177116304 103.79478630650445 57.99526600645038
1.4538687960990226 103.79479278282503 57.99526600645107
1.4538719120233357 103.7947977307917 57.99526600645094
1.4538746377021667 103.79480205906373 57.99526600645094
1.453878590871828 103.7948083365435 57.99526600645107
1.4538824990696197 103.79481454260971 57.99526600645094
1.4538872083646186 103.79482202078721 57.99526600645107
1.453889797902777 103.79482613287321 57.99526600645094
1.4538926919825153 103.79483072855942 57.99526600645038
1.4538967280230393 103.79483713763506 57.99526600645094
1.4539000107726456 103.79484235051397 57.99526600645094
1.4539042696160613 103.79484911339199 57.99526600645094
1.4539081694640086 103.79485530619917 57.99526600645094
1.4539122763541812 103.7948618277814 57.99526600645094
1.453915416885262 103.79486681482291 57.99526600645038
1.4539184782787213 103.79487167619696 57.99526600645038
1.4539213172032504 103.79487618429901 57.99526600645094
1.4539249798048068 103.79488200036825 57.99526600645107
1.4539292940346142 103.79488885119792 57.99526600645163
1.4539324894791679 103.79489392544001 57.99526600645038
1.4539366728836478 103.79490056852418 57.99526600645094
1.45393928444512 103.79490471558259 57.99526600645094
1.4539440086334774 103.79491221741067 57.99526600645038
1.453947652638225 103.79491800394908 57.99526600645094
1.4539512570480788 103.79492372761233 57.99526600645163
1.453955689669206 103.79493076644302 57.99526600645094
1.4539587944475083 103.79493569671077 57.99526600645163
1.45396138951155 103.79493981757201 57.99526600645107
1.4539643378046203 103.7949444993473 57.99526600645038
1.4539681972141447 103.79495062794028 57.99526600645107
1.4539720469140394 103.79495674111477 57.99526600645038
1.453975172606891 103.79496170459412 57.99526600645163
1.4539791186107294 103.79496797069558 57.99526600645038
1.4539838654764596 103.7949755085348 57.99526600645038
1.4539879680520238 103.7949820232662 57.99526600645038
1.4539919929263305 103.79498841461103 57.99526600645038
1.4539952720041858 103.79499362165996 57.99526600645107
1.4539979438404735 103.79499786443273 57.99526600645038
1.4540010301982695 103.79500276544968 57.99526600645163
1.4540048521580495 103.79500883457419 57.99526600645038
1.4540075126322718 103.7950130593045 57.99526600645107
1.4540106100188672 103.79501797783479 57.99526600645038
1.4540150701770949 103.79502506039385 57.99526600645094
1.4540178857276984 103.79502953137956 57.99526600645038
1.4540226269631515 103.79503706027846 57.99526600645094
1.454026872851651 103.79504380258555 57.99526600645107
1.45402954042002 103.79504803858121 57.99526600645163
1.4540328047984268 103.7950532222882 57.99526600645107
1.4540357723410575 103.79505793463146 57.99526600645094
1.4540388739362535 103.79506285984502 57.99526600645038
1.4540431957569202 103.7950697227296 57.99526600645094
1.4540459987307945 103.79507417374407 57.99526600645038
1.4540498671683324 103.7950803166738 57.99526600645038
1.4540527065046875 103.79508482543051 57.99526600645107
1.4540569458381158 103.79509155732863 57.99526600645038
1.454060227545653 103.7950967685538 57.995266006450805
1.454063140324938 103.79510139393513 57.99526600645038
1.4540669004136484 103.7951073648112 57.99526600645107
1.4540711055862803 103.79511404246342 57.99526600645163
1.4540758597832046 103.79512159194513 57.99526600645094
1.4540805397995888 103.79512902363103 57.99526600645107
1.4540853268822647 103.79513662533417 57.99526600645107
1.4540880062466723 103.79514088006177 57.99526600645094
1.4540913798003694 103.79514623713527 57.99526600645094
1.4540946071584693 103.79515136205583 57.99526600645025
1.4540978021036537 103.79515643550593 57.99526600645038
1.4541012496834351 103.79516191013009 57.99526600645107
1.4541059874574407 103.7951694335331 57.99526600645107
1.4541095019769787 103.79517501445508 57.9952660064515
1.4541121267437829 103.79517918248392 57.99526600645094
1.4541164298267881 103.79518601561443 57.99526600645038
1.4541200790487694 103.79519181043877 57.99526600645107
1.4541231540872985 103.79519669348187 57.99526600645163
1.4541262357405527 103.7952015870289 57.99526600645094
1.4541288766046134 103.79520578061965 57.9952660064515
1.4541334651955424 103.79521306712591 57.99526600645094
1.4541369872587266 103.7952186600271 57.99526600645107
1.4541399585202128 103.79522337827633 57.99526600645163
1.4541436967332129 103.79522931441515 57.99526600645107
1.4541482723243406 103.79523658027838 57.99526600645038
1.45415092722744 103.79524079616269 57.99526600645107
1.4541534075000546 103.7952447347405 57.99526600645107
1.4541581670892734 103.79525229278572 57.99526600645094
1.4541620730085436 103.79525849523581 57.99526600645094
1.454166492363962 103.79526551300286 57.99526600645107
1.4541706075926804 103.79527204782839 57.99526600645094
1.4541747978690298 103.79527870182673 57.99526600645107
1.4541774686795077 103.79528294297148 57.99526600645107
1.454180310099037 103.7952874550369 57.99526600645107
1.4541847224100646 103.79529446161787 57.99526600645107
1.4541874270891975 103.79529875654481 57.99526600645038
1.4541901905510115 103.7953031448164 57.99526600645107
1.454194424855772 103.79530986873033 57.99526600645038
1.4541978733342094 103.79531534478215 57.99526600645094
1.4542008569831362 103.7953200827025 57.99526600645038
1.4542054019986765 103.79532730001334 57.9952660064515
1.4542078408209145 103.79533117276982 57.99526600645163
1.4542111274067748 103.7953363917425 57.99526600645107
1.454214637026743 103.79534196488483 57.99526600645107
1.4542189332891504 103.79534878718533 57.99526600645163
1.454222834024811 103.79535498140451 57.99526600645107
1.4542264839393741 103.79536077732938 57.99526600645107
1.4542303372862835 103.79536689629708 57.99526600645107
1.4542346849380523 103.79537377112518 57.97558532092792
1.4542381644497853 103.79537920329854 57.9125307385468
1.454240631542518 103.79538305489511 57.867822674506286
1.4542432640519471 103.79538716473834 57.82011684593373
1.4542478214476384 103.79539427969172 57.73752849104475
1.4542526171616474 103.79540176670493 57.65062154833769
1.4542555717287209 103.79540637934089 57.597079752042646
1.4542583277425685 103.79541068199785 57.55555955943723
1.454262746645781 103.79541758073849 57.55555955943709
1.4542657641076142 103.79542229156507 57.55555955943723
1.4542694750653122 103.79542808506939 57.55555955943723
1.454272725913757 103.7954331602565 57.55555955943709
1.4542754294781834 103.79543738103011 57.55555955943709
1.4542800687628057 103.79544462382782 57.555559559437945
1.4542826043602386 103.79544858237334 57.55555955943723
1.4542868032152507 103.79545513757745 57.555559559437945
1.4542901751084603 103.79546040173835 57.55555955943723
1.4542948947101022 103.79546776992619 57.55555955943723
1.4542986296348848 103.79547356463083 57.53074612783475
1.4543022426574395 103.79547909694 57.45654575626445
1.4543058831500044 103.79548467131163 57.381780714785705
1.45431064416809 103.79549196144721 57.28400299947184
1.4543154611766225 103.79549933731614 57.18507551495369
1.4543190949247153 103.79550490136063 57.1104492257939
1.454323685431103 103.79551193040646 57.05036478094629
1.4543272913138492 103.79551745178323 57.05036478094629
1.454331650618889 103.79552412681046 57.05036478094612
1.4543359191262986 103.79553066280718 57.05036478094629
1.4543389644115057 103.7955353257894 57.05036478094629
1.4543422335327751 103.79554033151248 57.05036478094612
1.454346577808405 103.7955469835266 57.050364780945415
1.454349642885502 103.7955516768145 57.05036478094612
1.4543537987259394 103.79555804029415 57.050364780945415
1.454356978849505 103.79556290974281 57.05036478094612
1.4543598324383988 103.79556727919713 57.05036478094612
1.4543625248665077 103.79557140187987 57.05036478094558
1.4543653216793873 103.795575684398 57.05036478094612
1.4543692146657978 103.79558164539208 57.05036478094612
1.4543726663929146 103.7955869307239 57.05036478094612
1.4543767438719433 103.79559317421564 57.05036478094558
1.4543796562588278 103.79559763370236 57.05036478094558
1.4543840522077585 103.79560436483962 57.05036478094629
1.4543878959190946 103.79561025038315 57.05036478094558
1.4543924021167631 103.79561715033488 57.05036478094629
1.454396103372793 103.79562281774892 57.05036478094629
1.4543996306430476 103.79562821875362 57.05036478094612
1.4544033381237627 103.79563389569903 57.05036478094629
1.4544077880714432 103.79564070952011 57.050364780945415
1.4544108794300667 103.79564544305097 57.05036478094612
1.454414668619992 103.79565124511075 57.05036478094629
1.454417569709041 103.79565568729825 57.05036478094629
1.4544222605136095 103.79566286992284 57.05036478094612
1.4544249878283413 103.79566704602475 57.05036478094612
1.4544293749794117 103.79567376369094 57.05036478094612
1.4544342055212638 103.79568116028328 57.05036478094612
1.4544391085275328 103.79568866783416 57.05036478094612
1.4544424312434092 103.79569375562262 57.05036478094629
1.45444677473773 103.79570040644113 57.05036478094629
1.4544512687037798 103.79570728766411 57.05036478094612
1.454455677660827 103.79571403872013 57.05036478094612
1.4544587763078056 103.79571878341129 57.05036478094558
1.4544614790496706 103.79572292188703 57.05036478094629
1.454465044584343 103.79572838148313 57.05036478094558
1.4544692379404949 103.79573480240816 57.05036478094612
1.4544732759918417 103.79574098552838 57.050364780945415
1.4544781657671728 103.79574847282021 57.05036478094629
1.4544809848643376 103.79575278946092 57.05036478094629
1.4544843953002327 103.79575801156771 57.05036478094629
1.454487705220189 103.79576307976313 57.05036478094612
1.4544922541787986 103.79577004519177 57.05036478094629
1.4544954785197035 103.7957749823474 57.050364780945415
1.4544997980620977 103.79578159649081 57.05036478094629
1.4545027460704272 103.7957861105222 57.05036478094629
1.4545054134724524 103.79579019488531 57.05036478094558
1.4545090373875311 103.79579574387455 57.05036478094629
1.4545136677517871 103.79580283395282 57.05036478094629
1.4545182422916805 103.7958098385521 57.05036478094629
1.4545221129650334 103.79581576538112 57.05036478094629
1.4545266506782204 103.79582271359091 57.05036478094558
1.454530132243713 103.7958280446126 57.05036478094558
1.454534212673257 103.79583429262333 57.05036478094503
1.4545381266319808 103.79584028573163 57.05036478094558
1.4545420902387451 103.79584635486175 57.05036478094612
1.4545469960553994 103.79585386671685 57.05036478094629
1.4545496306555925 103.79585790085355 57.05036478094558
1.4545535664176175 103.79586392734748 57.05036478094612
1.4545563390527394 103.79586817284523 57.05036478094558
1.4545606168035812 103.79587472299728 57.05036478094558
1.4545652864806473 103.7958818732723 57.05036478094629
1.4545684048681646 103.79588664819101 57.05036478094629
1.4545717070375375 103.79589170451911 57.05036478094629
1.4545752324782177 103.79589710272339 57.05036478094612
1.454579221311494 103.79590321048096 57.05036478094629
1.4545830173386212 103.79590902301103 57.05036478094629
1.4545863135235315 103.79591407017573 57.05036478094612
1.4545900420450208 103.79591977934028 57.05036478094629
1.4545934647939274 103.79592502030158 57.05036478094629
1.4545978241208972 103.79593169536442 57.05036478094667
1.4546025944354957 103.79593899973734 57.05036478094558
1.4546055311692283 103.79594349650544 57.05036478094558
1.4546084694194665 103.79594799559563 57.05036478094612
1.4546109718761446 103.7959518273926 57.05036478094629
1.454615346854091 103.79595852642056 57.05036478094629
1.4546187993737103 103.79596381296734 57.05036478094629
1.4546223648864334 103.7959692725308 57.05036478094558
1.4546253179037119 103.7959737942326 57.050364780945415
1.4546301291327388 103.79598116125447 57.05036478094612
1.4546328084098605 103.7959852638015 57.05036478094558
1.454636995476678 103.79599167509745 57.05036478094612
1.454640611396136 103.79599721184452 57.05036478094612
1.4546451304464447 103.79600413147836 57.05036478094629
1.4546483883299541 103.79600911999574 57.05036478094629
1.4546518218552853 103.7960143774584 57.05036478094629
1.4546543039453783 103.79601817806996 57.05036478094629
1.454658789464077 103.79602504635983 57.05036478094629
1.454661880228026 103.79602977898146 57.05036478094612
1.4546645963861953 103.79603393800141 57.05036478094629
1.4546673192779778 103.79603810733198 57.05036478094629
1.4546698654958976 103.79604200613703 57.05036478094612
1.454673626320836 103.79604776476563 57.05036478094629
1.4546772389989773 103.79605329654977 57.05036478094612
1.4546800900840664 103.7960576621718 57.05036478094629
1.4546830097594057 103.79606213282025 57.05036478094629
1.4546858889256142 103.79606654144052 57.05036478094612
1.4546899662930117 103.79607278476357 57.05036478094629
1.4546925871514738 103.79607679785939 57.05036478094629
1.4546957278479244 103.79608160693854 57.05036478094612
1.4546998920087826 103.79608798316103 57.05036478094629
1.454704195786196 103.7960945731664 57.05036478094558
1.4547079809540546 103.79610036906945 57.05036478094612
1.454711587748588 103.79610589184473 57.05036478094629
