465787663
1.4523775638659344 103.79040921211872 127.01646062110582
1.4523738199506357 103.79041415135617 127.01646062110557
1.4523694124963855 103.79041996598104 127.01646062110565
1.452366429355438 103.79042390155118 127.01646062110537
1.4523616167175342 103.79043025072282 127.01646062110582
1.4523585936625805 103.79043423895025 127.01646062110557
1.452354383375028 103.79043979345869 127.01646062110537
1.4523491782445865 103.79044666043397 127.01646062110537
1.4523452168175652 103.79045262703099 126.4475626975662
1.4523433806444563 103.7904576276744 124.45496941287442
1.4523402962542853 103.79046602771857 121.0777648773092
1.4523379496161883 103.7904724185648 118.49524649858887
1.4523355875861481 103.79047885132945 115.89601930602501
1.4523333802964626 103.79048486267337 113.47668149766857
1.452330378546633 103.79049303765396 110.216988139195
1.452327800476387 103.79050005878332 110.07506056822719
1.4523260311549204 103.79050482783626 110.09670900828496
1.4523236038693699 103.79051136119257 110.13042146880159
1.4523215276075647 103.79051694972252 110.15925860607321
1.4523194434767481 103.7905225594329 110.18820504798312
1.4523167345511412 103.79052985085997 110.2258292434182
1.4523138186629516 103.79053769935375 110.26632789460865
1.4523109539121761 103.7905454102044 110.29253919324226
1.452308924116697 103.79055241857063 109.60935522797017
1.4523081292331743 103.79055827393299 107.9599537515499
1.4523072705208804 103.79056459947805 106.17077889827777
1.4523062089507273 103.79057241933774 103.95346007595342
1.4523055008841634 103.79057763517865 102.47418203221955
1.4523046417956147 103.79058396349485 100.68231125960212
1.4523036472611395 103.79059128954812 98.61624391396832
1.4523028131364766 103.79059743397218 97.71281537698604
1.452301629940454 103.79060614976518 97.71281537698604
1.4523009929911808 103.79061084173318 97.71281537698601
1.4523002488718864 103.79061632314905 97.71281537698604
1.4522994399877434 103.79062228164297 97.71281537698633
1.4522986482183835 103.79062811406388 97.71281537698604
1.4522978140272065 103.79063425897704 97.71281537698601
1.4522969198861455 103.79064084549965 97.71281537698637
1.4522959523737349 103.79064797249838 97.71281537698604
1.4522952580668467 103.79065308697975 97.71281537698633
1.452294641478918 103.7906576289589 97.71281537698604
