1.3486449398298384 103.77079087222938 145.82101069853124 0.0 1.0
1.3486255503927134 103.77080396863576 145.82101069853124 2.6 2.0
1.3485882630128816 103.77082915403183 145.82101069853124 5.0 3.0
1.3485509797536832 103.77085434539605 145.81175240842913 5.0 4.0
1.348513909891301 103.77087984581469 145.33239612676613 5.0 5.0
1.348476840027927 103.77090534623228 145.33239612676684 5.0 6.0
1.3484397701635606 103.77093084664885 145.33239612676613 5.0 7.0
1.3484027002982015 103.77095634706436 145.33239612676613 5.0 8.0
1.3483656304318505 103.77098184747885 145.3323961267663 5.0 9.0
1.348328560564507 103.77100734789227 145.33239612676664 5.0 10.0
1.3482914906961716 103.77103284830467 145.3323961267663 5.0 11.0
1.3482544208268439 103.77105834871605 145.33239612676613 5.0 12.0
1.3482173509565238 103.77108384912638 145.33239612676613 5.0 13.0
1.3481802810852117 103.77110934953566 145.33239612676613 5.0 14.0
1.3481432112129073 103.7711348499439 145.33239612676684 5.0 15.0
1.348105715108556 103.7711597103954 146.31391594487118 5.0 16.0
1.3480676016977589 103.77118364400536 147.73551604341642 5.0 17.0
1.348029488286026 103.77120757761426 147.73551604341642 5.0 18.0
1.3479913748733572 103.77123151122208 147.73551604341642 5.0 19.0
1.3479532614597531 103.77125544482884 147.7355160434162 5.0 20.0
1.3479151480452125 103.77127937843453 147.73551604341642 5.0 21.0
1.3478770346297366 103.77130331203914 147.73551604341642 5.0 22.0
1.3478389212133255 103.77132724564268 147.73551604341642 5.0 23.0
1.3478008077959782 103.77135117924517 147.73551604341642 5.0 24.0
1.3477626943776961 103.77137511284657 147.7355160434163 5.0 25.0
1.3477245809584772 103.77139904644692 147.7355160434163 5.0 26.0
1.3476864675383233 103.7714229800462 147.73551604341642 5.0 27.0
1.3476483541172342 103.7714469136444 147.73551604341642 5.0 28.0
1.3476102406952093 103.77147084724153 147.7355160434162 5.0 29.0
1.3475721272722487 103.7714947808376 147.73551604341642 5.0 30.0
1.3475340138483527 103.7715187144326 147.73551604341642 5.0 31.0
1.3474959004235216 103.77154264802653 147.73551604341642 5.0 32.0
1.3474577869977542 103.77156658161938 147.7355160434163 5.0 33.0
1.3474196735710522 103.77159051521117 147.7355160434163 5.0 34.0
1.3473815601434145 103.7716144488019 147.73551604341648 5.0 35.0
1.3473434467148415 103.77163838239156 147.7355160434163 5.0 36.0
1.3473053332853333 103.77166231598015 147.73551604341648 5.0 37.0
1.3472672198548892 103.77168624956767 147.7355160434162 5.0 38.0
1.3472291064235098 103.77171018315411 147.73551604341642 5.0 39.0
1.3471909929911954 103.7717341167395 147.73551604341642 5.0 40.0
1.3471528795579455 103.77175805032381 147.7355160434163 5.0 41.0
1.3471147661237606 103.77178198390706 147.7355160434159 5.0 42.0
1.3470766526886406 103.77180591748922 147.73551604341677 5.0 43.0
1.3470385392525852 103.77182985107032 147.73551604341642 5.0 44.0
1.3470004258155943 103.77185378465038 147.73551604341642 5.0 45.0
1.3469623123776684 103.77187771822933 147.7355160434159 5.0 46.0
1.3469259876749595 103.77190417955944 143.78109627119323 5.0 47.0
1.3468904237900239 103.77193171603955 142.10022218275716 5.0 48.0
1.3468548599040273 103.77195925251866 142.10022218275688 5.0 49.0
1.3468192960169703 103.77198678899678 142.10022218275734 5.0 50.0
1.3467837321288525 103.77201432547393 142.10022218275682 5.0 51.0
1.3467481970319728 103.7720418949169 142.04447132788982 5.0 52.0
1.346715748689573 103.77207299865316 136.05665880065422 5.0 53.0
1.3466910944382362 103.77209663127138 136.05665880065422 3.7990000000000115 54.0
1.3466910944382362 103.77209663127138 136.05665880065422 0.0 55.0
1.3466910944382362 103.77209663127138 136.05665880065422 0.0 56.0
1.3466910944382362 103.77209663127138 136.05665880065422 0.0 57.0
1.3466910944382362 103.77209663127138 136.05665880065422 0.0 58.0
1.3466910944382362 103.77209663127138 136.05665880065422 0.0 59.0
1.3466910944382362 103.77209663127138 136.05665880065422 0.0 60.0
1.3466910944382362 103.77209663127138 136.05665880065422 0.0 61.0
1.3466910944382362 103.77209663127138 136.05665880065422 0.0 62.0
1.3466910944382362 103.77209663127138 136.05665880065422 0.0 63.0
1.3466910944382362 103.77209663127138 136.05665880065422 0.0 64.0
1.3466910944382362 103.77209663127138 136.05665880065422 0.0 65.0
1.3466910944382362 103.77209663127138 136.05665880065422 0.0 66.0
1.3466910944382362 103.77209663127138 136.05665880065422 0.0 67.0
1.3466910944382362 103.77209663127138 136.05665880065422 0.0 68.0
1.3466910944382362 103.77209663127138 136.05665880065422 0.0 69.0
1.3466910944382362 103.77209663127138 136.05665880065422 0.0 70.0
1.3466910944382362 103.77209663127138 136.05665880065422 0.0 71.0
1.3466910944382362 103.77209663127138 136.05665880065422 0.0 72.0
1.3466910944382362 103.77209663127138 136.05665880065422 0.0 73.0
1.3466910944382362 103.77209663127138 136.05665880065422 0.0 74.0
1.3466910944382362 103.77209663127138 136.05665880065422 0.0 75.0
1.3466910944382362 103.77209663127138 136.05665880065422 0.0 76.0
1.3466910944382362 103.77209663127138 136.05665880065422 0.0 77.0
1.3466910944382362 103.77209663127138 136.05665880065422 0.0 78.0
1.3466910944382362 103.77209663127138 136.05665880065422 0.0 79.0
1.3466910944382362 103.77209663127138 136.05665880065422 0.0 80.0
1.3466910944382362 103.77209663127138 136.05665880065422 0.0 81.0
1.3466910944382362 103.77209663127138 136.05665880065422 0.0 82.0
1.3466910944382362 103.77209663127138 136.05665880065422 0.0 83.0
1.3466910944382362 103.77209663127138 136.05665880065422 0.0 84.0
1.3466910944382362 103.77209663127138 136.05665880065422 0.0 85.0
1.3466910944382362 103.77209663127138 136.05665880065422 0.0 86.0
1.3466910944382362 103.77209663127138 136.05665880065422 0.0 87.0
1.3466910944382362 103.77209663127138 136.05665880065422 0.0 88.0
1.3466910944382362 103.77209663127138 136.05665880065422 0.0 89.0
1.3466910944382362 103.77209663127138 136.05665880065422 0.0 90.0
1.3466910944382362 103.77209663127138 136.05665880065422 0.0 91.0
1.3466910944382362 103.77209663127138 136.05665880065422 0.0 92.0
1.3466910944382362 103.77209663127138 136.05665880065422 0.0 93.0
1.3466910944382362 103.77209663127138 136.05665880065422 0.0 94.0
1.3466910944382362 103.77209663127138 136.05665880065422 0.0 95.0
1.3466910944382362 103.77209663127138 136.05665880065422 0.0 96.0
1.3466910944382362 103.77209663127138 136.05665880065422 0.0 97.0
1.3466910944382362 103.77209663127138 136.05665880065422 0.0 98.0
1.3466910944382362 103.77209663127138 136.05665880065422 0.0 99.0
1.3466910944382362 103.77209663127138 136.05665880065422 0.0 100.0
1.3466910944382362 103.77209663127138 136.05665880065422 0.0 101.0
1.3466910944382362 103.77209663127138 136.05665880065422 0.0 102.0
1.3466910944382362 103.77209663127138 136.05665880065422 0.0 103.0
1.3466910944382362 103.77209663127138 136.05665880065422 0.0 104.0
1.3466910944382362 103.77209663127138 136.05665880065422 0.0 105.0
1.3466910944382362 103.77209663127138 136.05665880065422 0.0 106.0
1.3466910944382362 103.77209663127138 136.05665880065422 0.0 107.0
1.3466910944382362 103.77209663127138 136.05665880065422 0.0 108.0
