1.4002570181884244 103.89468390199765 98.80088031087708 0.0 1.0
1.4002534270486937 103.8947070207739 98.80088031087698 2.6 2.0
1.4002462447683732 103.89475325832669 98.80088031087698 5.2 3.0
1.4002354713457492 103.8948226146567 98.80088031087634 7.800000000000001 4.0
1.4002216592616983 103.8949115330299 98.80088031087698 10.0 5.0
1.4002078471734185 103.89500045140468 98.80088031087698 10.0 6.0
1.4001940350809101 103.89508936978103 98.80088031087698 10.0 7.0
1.4001802229841733 103.89517828815896 98.80088031087698 10.0 8.0
1.4001664108832081 103.89526720653845 98.80088031087708 10.0 9.0
1.4001525987780146 103.89535612491952 98.80088031087698 10.0 10.0
1.4001387866685933 103.89544504330216 98.80088031087698 10.0 11.0
1.400124974554944 103.89553396168638 98.80088031087698 10.0 12.0
1.4001111624370663 103.89562288007215 98.80088031087698 10.0 13.0
1.4000973503149612 103.89571179845952 98.80088031087698 10.0 14.0
1.4000835381886276 103.89580071684843 98.80088031087634 10.0 15.0
1.400069726058067 103.89588963523893 98.80088031087698 10.0 16.0
1.4000559139232784 103.895978553631 98.80088031087698 10.0 17.0
1.400042101784263 103.89606747202464 98.80088031087698 10.0 18.0
1.4000282896410197 103.89615639041985 98.80088031087698 10.0 19.0
1.4000144774935495 103.89624530881663 98.80088031087708 10.0 20.0
1.4000006653418517 103.896334227215 98.80088031087698 10.0 21.0
1.399986853185927 103.89642314561489 98.80088031087698 10.0 22.0
1.399973041025776 103.89651206401639 98.80088031087644 10.0 23.0
1.39995065473677 103.89659920242143 104.8559141890969 10.0 24.0
1.3999274798289223 103.89668617710994 104.8559141890969 10.0 25.0
1.3999043049164592 103.89677315179912 104.85591418909627 10.0 26.0
1.3998811299993805 103.89686012648897 104.8559141890969 10.0 27.0
1.3998579550776873 103.89694710117952 104.8559141890969 10.0 28.0
1.3998347801513789 103.89703407587072 104.8559141890969 10.0 29.0
1.399811605220456 103.89712105056259 104.8559141890969 10.0 30.0
1.3997884302849182 103.89720802525514 104.8559141890969 10.0 31.0
1.3997652553447661 103.89729499994834 104.8559141890969 10.0 32.0
1.3997420804 103.89738197464223 104.8559141890969 10.0 33.0
1.3997189054506196 103.89746894933677 104.8559141890969 10.0 34.0
1.3996957304966253 103.89755592403199 104.8559141890969 10.0 35.0
1.3996725555380174 103.89764289872787 104.8559141890969 10.0 36.0
1.3996469672873728 103.89772917164103 107.8243956298889 10.0 37.0
1.3996192903078877 103.89781483715404 107.8243956298885 10.0 38.0
1.3995916133236432 103.89790050266728 107.8243956298889 10.0 39.0
1.3995639363346413 103.89798616818072 107.82439562988952 10.0 40.0
1.3995362593408813 103.89807183369437 107.82439562988914 10.0 41.0
1.3995085823423636 103.89815749920825 107.8243956298889 10.0 42.0
1.3994809053390886 103.89824316472232 107.8243956298889 10.0 43.0
1.3994532283310561 103.89832883023664 107.8243956298885 10.0 44.0
1.3994255513182665 103.89841449575113 107.8243956298885 10.0 45.0
1.3993978743007196 103.89850016126589 107.82439562988952 10.0 46.0
1.399370197278416 103.89858582678079 107.82439562988914 10.0 47.0
1.3993425202513563 103.89867149229596 107.8243956298889 10.0 48.0
1.3993148432195397 103.89875715781133 107.82439562988922 10.0 49.0
1.3992866285647345 103.89884263429663 108.5460108630813 10.0 50.0
1.3992539170342013 103.89892652965098 111.20403692079863 10.0 51.0
1.3992212054987867 103.89901042500502 111.20403692079894 10.0 52.0
1.3991884939584904 103.89909432035876 111.20403692079894 10.0 53.0
1.3991557824133123 103.89917821571221 111.20403692079894 10.0 54.0
1.3991230708632543 103.89926211106533 111.20403692079847 10.0 55.0
1.3990903593083148 103.89934600641813 111.20403692079847 10.0 56.0
1.399057647748495 103.89942990177065 111.20403692079847 10.0 57.0
1.3990249361837948 103.89951379712286 111.20403692079847 10.0 58.0
1.3989922246142146 103.89959769247477 111.20403692079894 10.0 59.0
1.3989595130397539 103.89968158782635 111.20403692079847 10.0 60.0
1.3989268014604141 103.89976548317763 111.20403692079847 10.0 61.0
1.3988940898761948 103.89984937852861 111.20403692079847 10.0 62.0
1.3988613782870956 103.8999332738793 111.20403692079847 10.0 63.0
1.3988286666931176 103.90001716922966 111.20403692079847 10.0 64.0
1.398795955094261 103.9001010645797 111.20403692079894 10.0 65.0
1.3987632434905255 103.90018495992945 111.20403692079847 10.0 66.0
1.3987305318819112 103.9002688552789 111.20403692079847 10.0 67.0
1.398697820268419 103.90035275062803 111.20403692079894 10.0 68.0
1.3986651086500486 103.90043664597687 111.20403692079847 10.0 69.0
1.398632397026801 103.90052054132538 111.20403692079847 10.0 70.0
1.3985996853986753 103.9006044366736 111.20403692079894 10.0 71.0
1.3985669737656719 103.90068833202149 111.20403692079847 10.0 72.0
1.3985342621277916 103.90077222736909 111.20403692079847 10.0 73.0
1.3984993245742712 103.90085515687058 114.27909082246337 10.0 74.0
1.3984596230156587 103.90093601922213 116.03168398725462 10.0 75.0
1.398419921452066 103.90101688157264 116.03168398725434 10.0 76.0
1.398380219883493 103.90109774392214 116.03168398725434 10.0 77.0
1.3983405183099396 103.90117860627059 116.03168398725434 10.0 78.0
1.398300816731407 103.90125946861798 116.03168398725494 10.0 79.0
1.3982611151478948 103.90134033096435 116.0316839872538 10.0 80.0
1.398221413559403 103.90142119330967 116.03168398725434 10.0 81.0
1.3981817119659325 103.90150205565396 116.03168398725434 10.0 82.0
1.3981420103674826 103.9015829179972 116.0316839872545 10.0 83.0
1.398102308764055 103.90166378033939 116.03168398725407 10.0 84.0
1.3980626071556483 103.90174464268055 116.03168398725462 10.0 85.0
1.398022905542264 103.90182550502067 116.03168398725462 10.0 86.0
1.3979832039239015 103.90190636735977 116.03168398725407 10.0 87.0
1.3979435023005615 103.9019872296978 116.0316839872545 10.0 88.0
1.3979038006722446 103.9020680920348 116.0316839872545 10.0 89.0
1.3978640990389501 103.90214895437076 116.03168398725519 10.0 90.0
1.397824397400679 103.90222981670568 116.0316839872545 10.0 91.0
1.3977846957574307 103.90231067903956 116.0316839872545 10.0 92.0
1.3977449941092064 103.9023915413724 116.03168398725393 10.0 93.0
1.3977222867492676 103.90243779058319 116.0316839872545 5.71949999999997 94.0
1.3977174451325793 103.90244765174454 116.0316839872555 1.2195000000000156 95.0
1.3977174451325793 103.90244765174454 116.0316839872555 0.0 96.0
1.3977174451325793 103.90244765174454 116.0316839872555 0.0 97.0
1.3977174451325793 103.90244765174454 116.0316839872555 0.0 98.0
1.3977174451325793 103.90244765174454 116.0316839872555 0.0 99.0
1.3977174451325793 103.90244765174454 116.0316839872555 0.0 100.0
1.3977174451325793 103.90244765174454 116.0316839872555 0.0 101.0
1.3977174451325793 103.90244765174454 116.0316839872555 0.0 102.0
1.3977174451325793 103.90244765174454 116.0316839872555 0.0 103.0
1.3977174451325793 103.90244765174454 116.0316839872555 0.0 104.0
1.3977174451325793 103.90244765174454 116.0316839872555 0.0 105.0
1.3977174451325793 103.90244765174454 116.0316839872555 0.0 106.0
1.3977174451325793 103.90244765174454 116.0316839872555 0.0 107.0
1.3977174451325793 103.90244765174454 116.0316839872555 0.0 108.0
1.3977174451325793 103.90244765174454 116.0316839872555 0.0 109.0
1.3977174451325793 103.90244765174454 116.0316839872555 0.0 110.0
1.3977174451325793 103.90244765174454 116.0316839872555 0.0 111.0
1.3977174451325793 103.90244765174454 116.0316839872555 0.0 112.0
1.3977174451325793 103.90244765174454 116.0316839872555 0.0 113.0
1.3977174451325793 103.90244765174454 116.0316839872555 0.0 114.0
1.3977174451325793 103.90244765174454 116.0316839872555 0.0 115.0
1.3977174451325793 103.90244765174454 116.0316839872555 0.0 116.0
1.3977174451325793 103.90244765174454 116.0316839872555 0.0 117.0
1.3977174451325793 103.90244765174454 116.0316839872555 0.0 118.0
1.3977174451325793 103.90244765174454 116.0316839872555 0.0 119.0
1.3977174451325793 103.90244765174454 116.0316839872555 0.0 120.0
1.3977174451325793 103.90244765174454 116.0316839872555 0.0 121.0
1.3977174451325793 103.90244765174454 116.0316839872555 0.0 122.0
1.3977174451325793 103.90244765174454 116.0316839872555 0.0 123.0
1.3977174451325793 103.90244765174454 116.0316839872555 0.0 124.0
1.3977174451325793 103.90244765174454 116.0316839872555 0.0 125.0
1.3977174451325793 103.90244765174454 116.0316839872555 0.0 126.0
1.3977174451325793 103.90244765174454 116.0316839872555 0.0 127.0
1.3977174451325793 103.90244765174454 116.0316839872555 0.0 128.0
1.3977174451325793 103.90244765174454 116.0316839872555 0.0 129.0
1.3977174451325793 103.90244765174454 116.0316839872555 0.0 130.0
1.3977174451325793 103.90244765174454 116.0316839872555 0.0 131.0
1.3977174451325793 103.90244765174454 116.0316839872555 0.0 132.0
1.3977174451325793 103.90244765174454 116.0316839872555 0.0 133.0
1.3977174451325793 103.90244765174454 116.0316839872555 0.0 134.0
1.3977174451325793 103.90244765174454 116.0316839872555 0.0 135.0
1.3977174451325793 103.90244765174454 116.0316839872555 0.0 136.0
1.3977174451325793 103.90244765174454 116.0316839872555 0.0 137.0
1.3977174451325793 103.90244765174454 116.0316839872555 0.0 138.0
1.3977174451325793 103.90244765174454 116.0316839872555 0.0 139.0
1.3977174451325793 103.90244765174454 116.0316839872555 0.0 140.0
1.3977174451325793 103.90244765174454 116.0316839872555 0.0 141.0
1.3977174451325793 103.90244765174454 116.0316839872555 0.0 142.0
1.3977174451325793 103.90244765174454 116.0316839872555 0.0 143.0
1.3977174451325793 103.90244765174454 116.0316839872555 0.0 144.0
1.3977174451325793 103.90244765174454 116.0316839872555 0.0 145.0
1.3977174451325793 103.90244765174454 116.0316839872555 0.0 146.0
1.3977174451325793 103.90244765174454 116.0316839872555 0.0 147.0
1.3977174451325793 103.90244765174454 116.0316839872555 0.0 148.0
1.3977174451325793 103.90244765174454 116.0316839872555 0.0 149.0
1.3977174451325793 103.90244765174454 116.0316839872555 0.0 150.0
1.3977174451325793 103.90244765174454 116.0316839872555 0.0 151.0
1.3977174451325793 103.90244765174454 116.0316839872555 0.0 152.0
1.3977174451325793 103.90244765174454 116.0316839872555 0.0 153.0
1.3977174451325793 103.90244765174454 116.0316839872555 0.0 154.0
1.3977174451325793 103.90244765174454 116.0316839872555 0.0 155.0
1.3977174451325793 103.90244765174454 116.0316839872555 0.0 156.0
1.3977174451325793 103.90244765174454 116.0316839872555 0.0 157.0
1.3977174451325793 103.90244765174454 116.0316839872555 0.0 158.0
1.3977174451325793 103.90244765174454 116.0316839872555 0.0 159.0
1.3977174451325793 103.90244765174454 116.0316839872555 0.0 160.0
1.3977174451325793 103.90244765174454 116.0316839872555 0.0 161.0
1.3977174451325793 103.90244765174454 116.0316839872555 0.0 162.0
1.3977174451325793 103.90244765174454 116.0316839872555 0.0 163.0
1.3977174451325793 103.90244765174454 116.0316839872555 0.0 164.0
1.3977174451325793 103.90244765174454 116.0316839872555 0.0 165.0
1.3977174451325793 103.90244765174454 116.0316839872555 0.0 166.0
1.3977174451325793 103.90244765174454 116.0316839872555 0.0 167.0
1.3977174451325793 103.90244765174454 116.0316839872555 0.0 168.0
1.3977174451325793 103.90244765174454 116.0316839872555 0.0 169.0
1.3977174451325793 103.90244765174454 116.0316839872555 0.0 170.0
1.3977174451325793 103.90244765174454 116.0316839872555 0.0 171.0
1.3977174451325793 103.90244765174454 116.0316839872555 0.0 172.0
1.3977174451325793 103.90244765174454 116.0316839872555 0.0 173.0
1.3977174451325793 103.90244765174454 116.0316839872555 0.0 174.0
1.3977174451325793 103.90244765174454 116.0316839872555 0.0 175.0
1.3977174451325793 103.90244765174454 116.0316839872555 0.0 176.0
1.3977174451325793 103.90244765174454 116.0316839872555 0.0 177.0
1.3977174451325793 103.90244765174454 116.0316839872555 0.0 178.0
1.3977174451325793 103.90244765174454 116.0316839872555 0.0 179.0
1.3977174451325793 103.90244765174454 116.0316839872555 0.0 180.0
1.3977174451325793 103.90244765174454 116.0316839872555 0.0 181.0
1.3977174451325793 103.90244765174454 116.0316839872555 0.0 182.0
1.3977174451325793 103.90244765174454 116.0316839872555 0.0 183.0
1.3977174451325793 103.90244765174454 116.0316839872555 0.0 184.0
1.3977174451325793 103.90244765174454 116.0316839872555 0.0 185.0
1.3977174451325793 103.90244765174454 116.0316839872555 0.0 186.0
1.3977174451325793 103.90244765174454 116.0316839872555 0.0 187.0
1.3977174451325793 103.90244765174454 116.0316839872555 0.0 188.0
1.3977174451325793 103.90244765174454 116.0316839872555 0.0 189.0
1.3977174451325793 103.90244765174454 116.0316839872555 0.0 190.0
1.3977174451325793 103.90244765174454 116.0316839872555 0.0 191.0
1.3977174451325793 103.90244765174454 116.0316839872555 0.0 192.0
1.3977174451325793 103.90244765174454 116.0316839872555 0.0 193.0
1.3977174451325793 103.90244765174454 116.0316839872555 0.0 194.0
1.3977174451325793 103.90244765174454 116.0316839872555 0.0 195.0
1.3977174451325793 103.90244765174454 116.0316839872555 0.0 196.0
1.3977174451325793 103.90244765174454 116.0316839872555 0.0 197.0
1.3977174451325793 103.90244765174454 116.0316839872555 0.0 198.0
1.3977174451325793 103.90244765174454 116.0316839872555 0.0 199.0
1.3977174451325793 103.90244765174454 116.0316839872555 0.0 200.0
1.3977174451325793 103.90244765174454 116.0316839872555 0.0 201.0
1.3977174451325793 103.90244765174454 116.0316839872555 0.0 202.0
1.3977174451325793 103.90244765174454 116.0316839872555 0.0 203.0
1.3977174451325793 103.90244765174454 116.0316839872555 0.0 204.0
1.3977174451325793 103.90244765174454 116.0316839872555 0.0 205.0
1.3977174451325793 103.90244765174454 116.0316839872555 0.0 206.0
1.3977174451325793 103.90244765174454 116.0316839872555 0.0 207.0
1.3977174451325793 103.90244765174454 116.0316839872555 0.0 208.0
1.3977174451325793 103.90244765174454 116.0316839872555 0.0 209.0
1.3977174451325793 103.90244765174454 116.0316839872555 0.0 210.0
1.3977174451325793 103.90244765174454 116.0316839872555 0.0 211.0
1.3977174451325793 103.90244765174454 116.0316839872555 0.0 212.0
1.3977174451325793 103.90244765174454 116.0316839872555 0.0 213.0
1.3977174451325793 103.90244765174454 116.0316839872555 0.0 214.0
1.3977174451325793 103.90244765174454 116.0316839872555 0.0 215.0
1.3977174451325793 103.90244765174454 116.0316839872555 0.0 216.0
1.3977174451325793 103.90244765174454 116.0316839872555 0.0 217.0
1.3977174451325793 103.90244765174454 116.0316839872555 0.0 218.0
1.3977174451325793 103.90244765174454 116.0316839872555 0.0 219.0
1.3977174451325793 103.90244765174454 116.0316839872555 0.0 220.0
1.3977174451325793 103.90244765174454 116.0316839872555 0.0 221.0
1.3977174451325793 103.90244765174454 116.0316839872555 0.0 222.0
1.3977174451325793 103.90244765174454 116.0316839872555 0.0 223.0
1.3977174451325793 103.90244765174454 116.0316839872555 0.0 224.0
1.3977174451325793 103.90244765174454 116.0316839872555 0.0 225.0
1.3977174451325793 103.90244765174454 116.0316839872555 0.0 226.0
1.3977174451325793 103.90244765174454 116.0316839872555 0.0 227.0
1.3977174451325793 103.90244765174454 116.0316839872555 0.0 228.0
1.3977174451325793 103.90244765174454 116.0316839872555 0.0 229.0
1.3977174451325793 103.90244765174454 116.0316839872555 0.0 230.0
1.3977174451325793 103.90244765174454 116.0316839872555 0.0 231.0
1.3977174451325793 103.90244765174454 116.0316839872555 0.0 232.0
1.3977174451325793 103.90244765174454 116.0316839872555 0.0 233.0
1.3977174451325793 103.90244765174454 116.0316839872555 0.0 234.0
1.3977174451325793 103.90244765174454 116.0316839872555 0.0 235.0
1.3977174451325793 103.90244765174454 116.0316839872555 0.0 236.0
1.3977174451325793 103.90244765174454 116.0316839872555 0.0 237.0
1.3977174451325793 103.90244765174454 116.0316839872555 0.0 238.0
1.3977174451325793 103.90244765174454 116.0316839872555 0.0 239.0
1.3977174451325793 103.90244765174454 116.0316839872555 0.0 240.0
1.3977174451325793 103.90244765174454 116.0316839872555 0.0 241.0
1.3977174451325793 103.90244765174454 116.0316839872555 0.0 242.0
1.3977174451325793 103.90244765174454 116.0316839872555 0.0 243.0
1.3977174451325793 103.90244765174454 116.0316839872555 0.0 244.0
1.3977174451325793 103.90244765174454 116.0316839872555 0.0 245.0
1.3977174451325793 103.90244765174454 116.0316839872555 0.0 246.0
1.3977174451325793 103.90244765174454 116.0316839872555 0.0 247.0
1.3977174451325793 103.90244765174454 116.0316839872555 0.0 248.0
1.3977174451325793 103.90244765174454 116.0316839872555 0.0 249.0
1.3977174451325793 103.90244765174454 116.0316839872555 0.0 250.0
1.3977174451325793 103.90244765174454 116.0316839872555 0.0 251.0
1.3977174451325793 103.90244765174454 116.0316839872555 0.0 252.0
1.3977174451325793 103.90244765174454 116.0316839872555 0.0 253.0
1.3977174451325793 103.90244765174454 116.0316839872555 0.0 254.0
1.3977174451325793 103.90244765174454 116.0316839872555 0.0 255.0
1.3977174451325793 103.90244765174454 116.0316839872555 0.0 256.0
1.3977174451325793 103.90244765174454 116.0316839872555 0.0 257.0
1.3977174451325793 103.90244765174454 116.0316839872555 0.0 258.0
1.3977174451325793 103.90244765174454 116.0316839872555 0.0 259.0
1.3977174451325793 103.90244765174454 116.0316839872555 0.0 260.0
1.3977174451325793 103.90244765174454 116.0316839872555 0.0 261.0
1.3977174451325793 103.90244765174454 116.0316839872555 0.0 262.0
1.3977174451325793 103.90244765174454 116.0316839872555 0.0 263.0
1.3977174451325793 103.90244765174454 116.0316839872555 0.0 264.0
1.3977174451325793 103.90244765174454 116.0316839872555 0.0 265.0
1.3977174451325793 103.90244765174454 116.0316839872555 0.0 266.0
1.3977174451325793 103.90244765174454 116.0316839872555 0.0 267.0
1.3977174451325793 103.90244765174454 116.0316839872555 0.0 268.0
1.3977174451325793 103.90244765174454 116.0316839872555 0.0 269.0
1.3977174451325793 103.90244765174454 116.0316839872555 0.0 270.0
1.3977174451325793 103.90244765174454 116.0316839872555 0.0 271.0
1.3977174451325793 103.90244765174454 116.0316839872555 0.0 272.0
1.3977174451325793 103.90244765174454 116.0316839872555 0.0 273.0
1.3977174451325793 103.90244765174454 116.0316839872555 0.0 274.0
1.3977174451325793 103.90244765174454 116.0316839872555 0.0 275.0
1.3977174451325793 103.90244765174454 116.0316839872555 0.0 276.0
1.3977174451325793 103.90244765174454 116.0316839872555 0.0 277.0
1.3977174451325793 103.90244765174454 116.0316839872555 0.0 278.0
1.3977174451325793 103.90244765174454 116.0316839872555 0.0 279.0
1.3977174451325793 103.90244765174454 116.0316839872555 0.0 280.0
1.3977174451325793 103.90244765174454 116.0316839872555 0.0 281.0
1.3977174451325793 103.90244765174454 116.0316839872555 0.0 282.0
1.3977174451325793 103.90244765174454 116.0316839872555 0.0 283.0
1.3977174451325793 103.90244765174454 116.0316839872555 0.0 284.0
1.3977174451325793 103.90244765174454 116.0316839872555 0.0 285.0
1.3977174451325793 103.90244765174454 116.0316839872555 0.0 286.0
1.3977174451325793 103.90244765174454 116.0316839872555 0.0 287.0
1.3977174451325793 103.90244765174454 116.0316839872555 0.0 288.0
1.3977174451325793 103.90244765174454 116.0316839872555 0.0 289.0
1.3977174451325793 103.90244765174454 116.0316839872555 0.0 290.0
1.3977174451325793 103.90244765174454 116.0316839872555 0.0 291.0
1.3977174451325793 103.90244765174454 116.0316839872555 0.0 292.0
1.3977174451325793 103.90244765174454 116.0316839872555 0.0 293.0
1.3977174451325793 103.90244765174454 116.0316839872555 0.0 294.0
1.3977174451325793 103.90244765174454 116.0316839872555 0.0 295.0
1.3977174451325793 103.90244765174454 116.0316839872555 0.0 296.0
1.3977174451325793 103.90244765174454 116.0316839872555 0.0 297.0
1.3977174451325793 103.90244765174454 116.0316839872555 0.0 298.0
1.3977174451325793 103.90244765174454 116.0316839872555 0.0 299.0
1.3977174451325793 103.90244765174454 116.0316839872555 0.0 300.0
