1.3760426267155246 103.77717664388302 163.6303782396495 14.723400000000002 1.0
1.3759539187196563 103.77720263865226 163.54378458684081 10.223400000000002 2.0
1.3759042746853416 103.77721723621123 163.54378458684067 5.723400000000002 3.0
1.3758609053289044 103.77722998873388 163.54378458684025 5.0 4.0
1.3758175359719678 103.77724274125542 163.54378458684067 5.0 5.0
1.375774166614533 103.7772554937759 163.54378458684067 5.0 6.0
1.3757319736415439 103.77726892372189 162.26651486150166 5.0 7.0
1.375689423123898 103.77728414729435 160.2263015417668 5.0 8.0
1.3756468726056543 103.7772993708657 160.2263015417668 5.0 9.0
1.3756043220868115 103.77731459443592 160.22630154176656 5.0 10.0
1.3755617715673711 103.77732981800503 160.2263015417668 5.0 11.0
1.3755192210473322 103.77734504157299 160.2263015417668 5.0 12.0
1.3754766705266956 103.77736026513985 160.22630154176656 5.0 13.0
1.37543412000546 103.77737548870559 160.2263015417668 5.0 14.0
1.3753915694836267 103.7773907122702 160.2263015417668 5.0 15.0
1.3753490189611952 103.7774059358337 160.22630154176719 5.0 16.0
1.3753064684381655 103.77742115939604 160.2263015417668 5.0 17.0
1.3752639179145376 103.77743638295729 160.22630154176667 5.0 18.0
1.375221367390312 103.7774516065174 160.22630154176667 5.0 19.0
1.3751788168654873 103.77746683007639 160.22630154176667 5.0 20.0
1.3751362663400648 103.77748205363427 160.22630154176667 5.0 21.0
1.3750937158140444 103.77749727719105 160.2263015417668 5.0 22.0
1.3750511652874258 103.77751250074667 160.22630154176667 5.0 23.0
1.3750086147602096 103.77752772430117 160.22630154176667 5.0 24.0
1.3749660642323949 103.77754294785454 160.2263015417668 5.0 25.0
1.3749235137039817 103.77755817140682 160.2263015417673 5.0 26.0
1.374882375001834 103.77757448798047 158.2684407361977 5.0 27.0
1.3748409751949797 103.7775925790074 156.2894380806519 5.0 28.0
1.3747995753874112 103.77761067003318 156.2894380806519 5.0 29.0
1.37475817557913 103.77762876105784 156.2894380806519 5.0 30.0
1.374716775770135 103.77764685208135 156.2894380806513 5.0 31.0
1.3746753759604264 103.77766494310373 156.2894380806519 5.0 32.0
1.3746351915527704 103.77768526456146 153.05483777448046 5.0 33.0
1.3745973148922062 103.77770982106297 146.90459300960146 5.0 34.0
1.374559438230678 103.77773437756342 146.90459300960146 5.0 35.0
1.3745252542692337 103.777762358003 140.5475751096631 5.0 36.0
1.3744968673674338 103.77779331777921 132.36358864686918 5.0 37.0
1.3744732292656217 103.77782944253066 123.05945352835548 5.0 38.0
1.3744490368776268 103.77786658414105 122.93960435124094 5.0 39.0
1.3744248444883722 103.77790372575096 122.9396043512413 5.0 40.0
1.3744006520978576 103.77794086736043 122.9396043512413 5.0 41.0
1.3743764597060844 103.77797800896946 122.93960435124094 5.0 42.0
1.3743644639241657 103.77802054767027 105.68169709794243 5.0 43.0
1.374352862862996 103.77806326103871 105.13157396153682 5.0 44.0
1.3743433061886405 103.77810621513198 102.49469106073362 5.0 45.0
1.3743445380141381 103.77815043956092 88.44402221992772 5.0 46.0
1.3743457698388526 103.77819466399062 88.44402221992772 5.0 47.0
1.3743470016627837 103.7782388884211 88.44402221992772 5.0 48.0
1.3743606569364364 103.77828088359253 72.12468140453015 5.0 49.0
1.374375071659094 103.77832274248968 71.14046075776614 5.0 50.0
1.3743894863814625 103.77836460138793 71.14046075776666 5.0 51.0
1.374415701623009 103.77840034996272 53.95125202437203 5.0 52.0
1.3744419758667081 103.77843606798722 53.866590287809935 5.0 53.0
1.3744682501105656 103.77847178601269 53.866590287809274 5.0 54.0
1.374496528597998 103.7785054938465 50.21619935011438 5.0 55.0
1.3745327219643717 103.77853126330825 35.65406487988498 5.0 56.0
1.3745689153311538 103.77855703277059 35.6540648798857 5.0 57.0
1.3746051086983433 103.77858280223344 35.65406487988551 5.0 58.0
1.3746468191877532 103.77859802868917 20.20284327273059 5.0 59.0
1.3746888384633194 103.77861266506702 19.348471534947493 5.0 60.0
1.374732434257856 103.77862025790652 9.971514045010242 5.0 61.0
1.3747767362353949 103.77862469567597 5.7862211024390025 5.0 62.0
1.3748208489038667 103.77862429920876 359.51105134611794 5.0 63.0
1.3748646699020466 103.77861645459599 349.81596680397587 5.0 64.0
1.3749084908999274 103.7786086099823 349.81596680397575 5.0 65.0
1.3749506685887516 103.77859445979514 341.371936719339 5.0 66.0
1.3749928141989811 103.7785801865196 341.20770167651415 5.0 67.0
1.3750313786974797 103.77855842074644 330.43112810633755 5.0 68.0
1.375069145799033 103.77853498663885 328.04497193891586 5.0 69.0
1.3751069128996802 103.7785115525302 328.0449719389166 5.0 70.0
1.3751369616011866 103.77847920070701 312.7320485456579 5.0 71.0
1.3751659355314376 103.77844560711104 310.6245761469791 5.0 72.0
1.3751937355877566 103.77841119541674 308.7830778337553 5.0 73.0
1.3752156597911673 103.77837268871222 299.5267837717982 5.0 74.0
1.3752375839933162 103.7783341820074 299.5267837717982 5.0 75.0
1.3752561930835925 103.7782940052566 294.74188410613834 5.0 76.0
1.3752744979129974 103.77825367522948 294.3032337848323 5.0 77.0
1.3752900612760133 103.7782124412372 290.58652200116546 5.0 78.0
1.3752996563307887 103.77816923926788 282.4736449089495 5.0 79.0
1.3753092513844658 103.7781260372989 282.47364490894904 5.0 80.0
1.3753188464370443 103.77808283533025 282.4736449089495 5.0 81.0
1.3753272310333773 103.77803945554126 280.90037960077575 5.0 82.0
1.3753306286932045 103.77799534315214 274.40562262883776 5.0 83.0
1.3753340263520981 103.77795123076362 274.4056226288378 5.0 84.0
1.3753374240100589 103.77790711837571 274.40562262883776 5.0 85.0
1.3753408216670868 103.77786300598838 274.4056226288378 5.0 86.0
1.3753442193231804 103.77781889360166 274.40562262883776 5.0 87.0
1.375347616978342 103.77777478121556 274.4056226288378 5.0 88.0
1.3753508634240244 103.77773065767859 274.21051526601974 5.0 89.0
1.3753540575000864 103.77768653028014 274.14294302600234 5.0 90.0
1.375357251575222 103.77764240288226 274.1429430260031 5.0 91.0
1.37536044564943 103.77759827548502 274.14294302600234 5.0 92.0
1.3753636397227107 103.77755414808838 274.1429430260031 5.0 93.0
1.3753668337950644 103.77751002069233 274.1429430260024 5.0 94.0
1.3753700278664915 103.77746589329692 274.1429430260031 5.0 95.0
1.3753732219369912 103.77742176590209 274.14294302600234 5.0 96.0
1.375376416006564 103.77737763850789 274.1429430260031 5.0 97.0
1.3753796100752094 103.7773335111143 274.1429430260031 5.0 98.0
1.3753828041429275 103.7772893837213 274.1429430260024 5.0 99.0
1.3753859982097187 103.77724525632892 274.142943026003 5.0 100.0
1.375389192275583 103.77720112893715 274.1429430260024 5.0 101.0
1.3753923863405197 103.77715700154599 274.1429430260031 5.0 102.0
1.3753955804045295 103.77711287415542 274.1429430260024 5.0 103.0
1.3753987744676122 103.77706874676548 274.142943026003 5.0 104.0
1.3754019685297678 103.77702461937614 274.1429430260024 5.0 105.0
1.3754051625909964 103.7769804919874 274.1429430260031 5.0 106.0
1.3754083566512976 103.77693636459928 274.142943026003 5.0 107.0
1.375411550710672 103.77689223721178 274.1429430260024 5.0 108.0
1.3754147447691185 103.77684810982488 274.1429430260031 5.0 109.0
1.3754179388266383 103.77680398243858 274.1429430260024 5.0 110.0
1.3754211328832306 103.7767598550529 274.142943026003 5.0 111.0
1.3754243269388964 103.77671572766783 274.1429430260024 5.0 112.0
1.3754275209936346 103.77667160028336 274.1429430260031 5.0 113.0
1.3754300126228294 103.77662728920595 273.22717567402304 5.0 114.0
1.3754321366940678 103.77658240897223 272.721689248372 5.0 115.0
1.3754342607643841 103.77653752873918 272.721689248372 5.0 116.0
1.37543638483378 103.77649264850682 272.721689248372 5.0 117.0
1.3754385089022545 103.77644776827512 272.721689248372 5.0 118.0
1.3754441661952255 103.77640289432678 277.1692487676818 5.0 119.0
1.3754487690870068 103.77635806958351 275.8550352623009 5.0 120.0
1.3754524506452814 103.77631328059381 274.69844232379796 5.0 121.0
1.375456132202586 103.7762684916047 274.6984423237973 5.0 122.0
1.3754598137589202 103.7762237026162 274.69844232379796 5.0 123.0
1.3754634953142844 103.77617891362833 274.6984423237973 5.0 124.0
1.3754671768686795 103.77613412464105 274.69844232379796 5.0 125.0
1.3754708584221036 103.77608933565438 274.6984423237973 5.0 126.0
1.3754745399745578 103.77604454666834 274.69844232379796 5.0 127.0
1.3754782215260417 103.77599975768288 274.6984423237973 5.0 128.0
1.3754819030765555 103.77595496869804 274.69844232379734 5.0 129.0
1.3754855846261 103.77591017971385 274.69844232379796 5.0 130.0
1.3754892661746736 103.77586539073023 274.6984423237973 5.0 131.0
1.3754929477222773 103.77582060174723 274.69844232379796 5.0 132.0
1.3754966292689108 103.77577581276485 274.6984423237973 5.0 133.0
1.3755003108145742 103.77573102378304 274.69844232379796 5.0 134.0
1.3755039923592671 103.7756862348019 274.6984423237973 5.0 135.0
1.375507673902991 103.77564144582135 274.69844232379796 5.0 136.0
1.3755113554457434 103.77559665684137 274.69844232379734 5.0 137.0
1.3755150369875262 103.77555186786205 274.69844232379796 5.0 138.0
1.375518718528339 103.77550707888331 274.6984423237973 5.0 139.0
1.3755246737490818 103.77546254040296 277.5970148780042 5.0 140.0
1.3755309569072691 103.775418038053 278.0149083965198 5.0 141.0
1.3755086939709429 103.77536872168176 278.0124520482305 5.0 142.0
1.375514990199162 103.77532411284791 278.0124520482299 5.0 143.0
1.3755212864263302 103.77527950401458 278.0124520482299 5.0 144.0
1.3755275826524473 103.77523489518173 278.0124520482305 5.0 145.0
1.3755338788775147 103.77519028634939 278.0124520482299 5.0 146.0
1.3755401751015306 103.77514567751754 278.0124520482299 5.0 147.0
1.3755464713244956 103.77510106868618 278.01245204823056 5.0 148.0
1.3755527675464105 103.77505645985535 278.0124520482299 5.0 149.0
1.3755590637672745 103.775011851025 278.0124520482299 5.0 150.0
1.3755689220694545 103.77496789814234 282.5928237920329 5.0 151.0
1.375579133028268 103.77492401020089 283.0458174073576 5.0 152.0
1.3755893439859317 103.77488012225975 283.0458174073583 5.0 153.0
1.3755995549424456 103.77483623431893 283.0458174073576 5.0 154.0
1.3756097658978088 103.77479234637842 283.04581740735824 5.0 155.0
1.375619976852022 103.77474845843822 283.0458174073576 5.0 156.0
1.3756301878050854 103.77470457049833 283.04581740735773 5.0 157.0
