74535469
1.3395821318560677 103.98081670302022 22.73469366632947
1.339588811493138 103.98081948071554 22.73469366632947
1.3395970849791998 103.98082292120537 22.73469366632947
1.339601458626529 103.98082473996583 22.73469366632947
1.3396085102566775 103.9808276723527 22.73469366632947
1.3396157924264351 103.98083070060835 22.73469366632947
1.3396210736927208 103.98083289679782 22.73469366632947
1.3396276005639787 103.98083561096621 22.73469366632947
1.339632445258604 103.98083762560944 22.734693666328273
1.339637439646887 103.98083970250205 22.734693666328273
1.3396446702680505 103.9808427093215 22.73469366632947
1.3396494732346955 103.98084470661233 22.734693666327765
1.3396560500667134 103.98084744155666 22.73469366632947
1.3396619518303607 103.98084989577701 22.73469366632947
1.339667692616417 103.9808522830556 22.73469366632947
1.339674813539217 103.98085524425747 22.73469366632947
1.339680543193037 103.98085762690678 22.73469366632947
1.3396851984025957 103.98085956275355 22.73469366632947
1.3396924004775368 103.98086255770218 22.734693666328972
1.339699653815631 103.98086557396834 22.734693666328972
1.339706655546108 103.98086848560466 22.73469366632947
1.3397136965985952 103.98087141359287 22.73469366632947
1.3397213437672342 103.98087459363158 22.73469366632947
1.3397261271208596 103.98087658276647 22.734693666328273
1.339731069527022 103.98087863804257 22.73469366632947
1.3397353706264414 103.98088042663431 22.73469366632947
1.3397411944809536 103.98088284845655 22.73469366632947
1.3397476823012657 103.98088554638576 22.734693666328972
1.3397545603089602 103.98088840657256 22.734693666328972
1.3397622502714972 103.98089160440693 22.73469366632947
1.3397697854918613 103.9808947378925 22.73469366632947
1.339776463005669 103.98089751470489 22.73469366632947
1.3397837313109344 103.98090053719507 22.734693666328972
1.3397882706095599 103.98090242484083 22.73469366632947
1.3397941435854004 103.9809048670899 22.73469366632947
1.3398007197931492 103.98090760177465 22.73469366632947
1.3398077179957193 103.98091051194392 22.734693666327765
1.3398159211216458 103.98091392317484 22.734693666328972
1.3398217837599125 103.9809163611251 22.73469366632947
1.3398298810226326 103.98091971731269 22.721730354314396
1.3398355525684345 103.9809220453086 22.685866242289354
1.3398397355351512 103.98092376228836 22.65941514090944
1.3398457017944108 103.98092621125512 22.621687302520325
1.3398509733874033 103.98092837508263 22.58835219448005
1.3398586386843183 103.98093152145233 22.539880436819104
1.3398662244925248 103.98093463519434 22.491911416757635
1.3398728996278886 103.98093737513304 22.470390734112968
1.3398806587018968 103.98094055999536 22.470390734114176
1.3398873960705493 103.98094332547892 22.470390734114176
1.339894136579149 103.98094609225133 22.470390734112968
1.3398991693638855 103.98094815805537 22.470390734112968
1.3399036326224325 103.98094999008634 22.470390734112968
1.3399078365464228 103.98095171566844 22.470390734114176
1.3399125311592395 103.98095364266327 22.470390734112968
1.3399174042783681 103.98095564292946 22.470390734112968
1.3399230085903497 103.98095794332795 22.470390734114176
1.3399282882145689 103.98096011045203 22.470390734114176
1.3399355893194258 103.98096310733206 22.470390734114176
1.3399417040277888 103.98096561723263 22.470390734112968
1.3399500531896726 103.98096904430795 22.470390734112968
1.3399583516757103 103.9809724505824 22.470390734114176
1.3399655866176823 103.98097542030456 22.470390734112968
1.33997258011884 103.98097829092268 22.470390734114176
1.3399769506923462 103.98098008490929 22.470390734114176
1.3399834529179147 103.9809827538738 22.470390734114176
1.339991385348096 103.98098600989353 22.470390734114176
1.339997425651016 103.98098848925294 22.470390734114176
1.340003705750002 103.9809910670413 22.470390734114176
1.3400088713918958 103.98099318737916 22.470390734112968
1.3400146182383375 103.98099554628365 22.470390734114176
1.3400207387310583 103.98099805855854 22.470390734114176
1.340026538911278 103.98100043935493 22.470390734112968
1.3400315591288792 103.98100250000056 22.470390734112968
1.3400369226491622 103.98100470156142 22.470390734114176
1.3400417828643931 103.98100669653098 22.470390734112968
1.3400483545577517 103.98100939400989 22.470390734112968
1.34005592679851 103.98101250218289 22.470390734114176
1.340062851873066 103.98101534471398 22.470390734112968
1.3400699409489307 103.98101825456257 22.470390734112968
1.3400758214559065 103.98102066833064 22.470390734114176
1.3400835615294282 103.98102384539386 22.470390734112968
1.3400895216223818 103.98102629182954 22.470390734112968
1.3400960460521056 103.9810289699082 22.470390734114176
1.3401018060889676 103.98103133422698 22.470390734112968
1.3401061353762889 103.98103311126687 22.470390734112968
1.3401128081402989 103.98103585023222 22.470390734112968
1.3401200526676755 103.98103882388888 22.470390734112968
1.3401259493599362 103.98104124430053 22.470390734112968
1.3401329337968315 103.98104411119803 22.470390734112968
1.340137924758669 103.98104615983507 22.470390734112968
1.3401421053626905 103.98104787584502 22.470390734114176
1.3401469007231244 103.98104984419366 22.470390734112968
1.3401534000913964 103.98105251198535 22.470390734112968
1.3401589836087022 103.98105480384827 22.470390734112968
1.3401637482352486 103.9810567595816 22.470390734112968
1.3401701909313612 103.98105940411111 22.470390734112968
1.3401767189346105 103.98106208365657 22.470390734112968
1.3401830045923095 103.98106466372661 22.470390734112968
1.3401903313315364 103.98106767112874 22.470390734112968
1.3401977504906954 103.98107071646645 22.470390734114176
1.3402056266381273 103.98107394938383 22.470390734114176
1.3402118759331554 103.98107651452813 22.470390734114176
1.340216952359925 103.98107859824589 22.470390734112968
1.340224781812604 103.98108181199649 22.470390734112968
1.34023148909032 103.98108456512867 22.470390734112968
1.3402397374981858 103.98108795084755 22.470390734114176
1.3402443034986335 103.98108982505096 22.470390734114176
1.3402508284497463 103.98109250334363 22.470390734114176
1.3402571381416506 103.98109509327897 22.470390734112968
1.340261350744987 103.98109682242367 22.470390734113472
1.3402665700067717 103.98109896477084 22.470390734112968
1.340272516423212 103.98110140559272 22.470390734114176
1.3402794158372218 103.98110423759096 22.470390734112968
1.3402851390986061 103.98110658681453 22.470390734114176
1.340289595022703 103.98110841583495 22.47039073411368
1.340296909846868 103.98111141834632 22.470390734114176
1.3403020591348087 103.98111353197137 22.470390734114176
1.3403072309264354 103.9811156548335 22.470390734112968
1.3403125258655344 103.9811178282439 22.470390734114176
1.34031743642005 103.98111984387619 22.470390734112968
1.3403251152427158 103.98112299579779 22.470390734114176
1.3403309989682497 103.98112541088699 22.470390734112968
1.3403375393951245 103.981128095532 22.470390734112968
1.34034291235342 103.98113030096687 22.470390734112968
1.3403511685776595 103.98113368989416 22.470390734114176
1.3403562391929502 103.9811357712265 22.470390734112968
1.3403639807539585 103.98113894890028 22.470390734112968
1.3403711460210923 103.98114189002307 22.470390734112968
1.3403760055709923 103.98114388471954 22.470390734114176
1.3403837891094716 103.98114707962378 22.470390734114176
1.3403902820057885 103.98114974475895 22.470390734114176
1.3403981505963212 103.98115297457447 22.470390734114176
1.3404036026985324 103.9811552124955 22.470390734112968
1.3404116527390912 103.9811585167907 22.470390734112968
1.3404164638568055 103.98116049160724 22.470390734114176
1.340422378633017 103.98116291944177 22.470390734112968
1.3404286372201093 103.9811654884002 22.470390734114176
1.3404348730948663 103.98116804803585 22.470390734112968
1.3404394884825381 103.9811699425112 22.470390734113472
1.340445770235802 103.98117252097859 22.470390734112968
1.3404503298611812 103.98117439256521 22.470390734114176
1.3404573386407905 103.98117726945468 22.470390734112968
1.340462806867029 103.98117951399414 22.470390734114176
1.3404685393411906 103.9811818669993 22.470390734114176
1.340473498673909 103.98118390265353 22.470390734114176
1.3404812925450111 103.98118710179902 22.470390734114176
1.340485999310617 103.9811890337822 22.470390734112968
1.340492109409526 103.98119154179075 22.470390734112968
1.340499590316681 103.98119461247411 22.470390734114176
1.3405044352737503 103.98119660118066 22.470390734112968
1.3405123765331668 103.98119986082455 22.470390734112968
1.3405205348108702 103.98120320954776 22.470390734112968
1.340527485708485 103.98120606267842 22.47039073411247
1.3405344396381227 103.98120891705366 22.470390734114176
1.3405396956116957 103.9812110744699 22.470390734112968
1.3405446207372058 103.98121309608315 22.470390734114176
1.340550536534435 103.9812155243368 22.470390734112968
1.3405554305294376 103.98121753317193 22.470390734112968
1.3405600584286745 103.98121943278288 22.470390734112968
1.3405683235052386 103.98122282534378 22.470390734114176
1.3405741654704602 103.98122522329164 22.470390734112968
1.340581218817418 103.98122811847465 22.470390734112968
1.3405886319881655 103.98123116135429 22.470390734114176
1.3405960979868576 103.9812342259182 22.470390734114176
1.3406011727698042 103.98123630896123 22.470390734112968
1.3406061353190701 103.98123834593576 22.470390734114176
1.3406118398956237 103.98124068748982 22.470390734112968
1.3406193410743912 103.98124376649405 22.470390734114176
1.3406254149649184 103.98124625964017 22.470390734114176
1.3406318525412038 103.98124890206815 22.470390734114176
1.3406387450715422 103.98125173124085 22.470390734114673
1.3406448328252938 103.98125423007738 22.470390734112968
1.3406506852030544 103.98125663229929 22.470390734114176
1.3406571113269767 103.98125927002643 22.470390734113472
1.340664142513981 103.98126215611343 22.470390734113472
1.3406716313433655 103.98126523004863 22.470390734112968
1.34067932866992 103.98126838956556 22.470390734112968
1.3406848558049387 103.98127065828528 22.470390734114176
1.3406930005989302 103.98127400147385 22.470390734114176
1.3406990078063281 103.98127646724859 22.470390734112968
1.3407051441319637 103.9812789860224 22.470390734113472
1.3407127966589458 103.98128212715046 22.470390734112968
1.3407182965817102 103.98128438470039 22.470390734112968
1.3407260445612137 103.98128756500877 22.470390734112968
1.340731809202096 103.98128993121739 22.470390734112968
1.340736861293115 103.98129200494608 22.47039073411368
1.3407433444014252 103.98129466606356 22.470390734114176
1.3407492711742595 103.98129709882238 22.470390734114176
1.3407568334119118 103.98130020288943 22.470390734112968
1.3407622931669694 103.98130244395175 22.470390734114176
1.3407692817748775 103.98130531256133 22.470390734114176
1.340773997862443 103.98130724837091 22.470390734112968
1.3407789965379246 103.98130930017417 22.470390734112968
1.340787099938543 103.98131262637204 22.470390734114176
1.340792353221083 103.9813147826837 22.470390734112968
1.3407984113133398 103.98131726934511 22.470390734114176
1.340803764372145 103.98131946661188 22.470390734114176
1.340811890281099 103.98132280204874 22.470390734112968
1.3408186969409706 103.98132559597424 22.470390734114176
1.3408252070039586 103.98132826815579 22.470390734114176
1.3408310524329001 103.98133066752544 22.470390734114176
1.340835777085804 103.98133260685081 22.470390734112968
1.3408428788478697 103.98133552190674 22.470390734114176
1.3408499222483539 103.98133841300702 22.470390734114673
1.340854624247283 103.98134034303364 22.470390734114176
1.3408622518326854 103.98134347392394 22.470390734114176
1.3408670120402453 103.98134542784341 22.470390734114176
1.3408736098129028 103.98134813602711 22.470390734112968
1.3408805376132542 103.98135097967709 22.470390734112968
1.3408859900129975 103.98135321772025 22.470390734114176
1.3408938916616489 103.98135646110512 22.470390734114176
1.3408996274456795 103.9813588154689 22.470390734112968
1.340904280239272 103.98136072529822 22.470390734112968
1.340912564832367 103.98136412587007 22.470390734112968
1.3409180052513274 103.98136635899552 22.470390734112968
1.340923346041218 103.98136855122625 22.470390734112968
1.340930730337743 103.98137158225393 22.470390734114176
1.3409379977877638 103.98137456531968 22.47039073411247
1.3409451672481723 103.9813775081637 22.470390734112968
1.3409514817094412 103.98138010005675 22.470390734113472
1.3409597791471581 103.98138350590092 22.470390734114176
1.340966327396608 103.98138619375686 22.470390734112968
1.3409741301128955 103.98138939653305 22.470390734112968
1.3409783207387662 103.98139111665668 22.470390734112968
1.3409830901988733 103.98139307437403 22.470390734114176
1.340988304040526 103.98139521449643 22.470390734114176
1.3409937187483008 103.98139743706821 22.470390734114176
1.3409996027864453 103.98139985228573 22.470390734114176
1.3410072594443125 103.98140299510942 22.470390734114176
1.3410129388830612 103.98140532634515 22.470390734112968
1.3410190356623866 103.98140782888643 22.470390734114673
1.3410242468239715 103.98140996790873 22.470390734114176
1.3410300564513808 103.98141235258295 22.470390734112968
1.3410349364506677 103.98141435567325 22.47039073411368
1.3410410369446149 103.98141685973927 22.470390734112968
1.3410454962146852 103.98141869013313 22.470390734112968
1.341050236298643 103.98142063579249 22.470390734112968
1.3410563315024038 103.98142313768705 22.470390734114176
1.341062322358862 103.98142559675021 22.470390734114176
1.3410690508687495 103.98142835859755 22.470390734114176
1.3410756999329154 103.98143108783486 22.470390734114176
1.3410824989575176 103.9814338786263 22.47039073411247
1.3410871490517988 103.98143578734768 22.470390734114176
1.3410952334125665 103.98143910573027 22.470390734112968
1.3411019862077918 103.981441877546 22.470390734113472
1.341107697904278 103.98144422202257 22.47039073411368
1.3411141433013123 103.98144686766075 22.470390734112968
1.34111960261769 103.98144910854299 22.470390734112968
1.3411262644029565 103.98145184300192 22.470390734112968
1.341131602935744 103.9814540343062 22.470390734114176
1.3411385129516722 103.9814568706562 22.470390734112968
1.341143644026155 103.98145897680521 22.470390734113472
1.3411514110033078 103.98146216491156 22.470390734112968
1.3411587158583536 103.98146516333095 22.470390734112968
1.3411631683591967 103.98146699094625 22.470390734114176
1.341170727876473 103.98147009389668 22.470390734114176
1.3411787216194955 103.9814733750835 22.470390734114176
1.3411847609416154 103.98147585404034 22.470390734112968
1.3411920603276564 103.98147885021486 22.470390734114176
1.341196592875988 103.9814807106872 22.470390734114176
1.3412016031592804 103.98148276725513 22.47039073411247
1.341206897240531 103.98148494031341 22.47039073411368
1.3412118754549747 103.98148698371806 22.470390734112968
1.3412199796808724 103.98149031025469 22.470390734112968
1.3412274981519265 103.98149339635691 22.470390734114673
1.341234292630564 103.98149618528238 22.47039073411368
1.3412391336420222 103.98149817236941 22.470390734112968
1.3412446079787714 103.98150041941706 22.470390734114176
1.3412516207917589 103.98150329796213 22.470390734114176
1.341258806013176 103.98150624727556 22.470390734112968
1.3412632493480228 103.9815080711285 22.470390734112968
1.3412710837871824 103.98151128692597 22.470390734112968
1.3412758135820355 103.98151322836196 22.470390734114176
1.3412839324857184 103.98151656092338 22.470390734113472
1.3412886829532378 103.98151851084488 22.470390734112968
1.3412942878545393 103.9815208114853 22.470390734112968
1.341302190206829 103.98152405515901 22.470390734114176
1.3413080879310932 103.98152647599429 22.470390734113472
1.3413140606669838 103.98152892761954 22.470390734112968
1.3413203046032833 103.98153149056425 22.470390734114176
1.3413259100899722 103.98153379144493 22.470390734112968
1.3413303985076992 103.98153563380302 22.470390734112968
1.3413359540577534 103.98153791418626 22.470390734112968
1.3413428276478316 103.98154073558457 22.470390734114673
1.3413496879572033 103.98154355153157 22.47039073411247
1.3413571300781704 103.98154660629442 22.470390734112968
